38 1444 3324.95
793 1719 3428.08
1171 2478 2838.69
38 1965 3247.24
1444 1965 3430.19
577 2073 3454.22
1192 2026 3285.78
1326 2325 3368.50
1326 1800 3026.81
1965 2527 3314.51
38 2527 3242.00
896 1162 3351.12
896 2017 3434.85
1162 2017 3423.64
1171 2112 2949.93
1955 2458 2966.84
1720 2504 3034.31
1720 1732 3063.88
1732 2504 3125.87
234 2629 2864.74
234 1447 2885.09
1955 2504 3062.74
38 1409 3446.19
2151 2402 2739.88
1326 2467 3190.27
1800 2467 3069.90
1845 1999 3396.64
1371 1999 2966.22
1371 1845 3266.96
13 1177 3288.09
2325 2493 3451.35
342 2325 3292.91
1965 2364 3242.93
1444 2364 3338.40
344 1965 3314.64
344 896 3067.27
896 2100 3258.34
344 2586 3251.51
2364 2586 2737.92
38 2516 3311.61
1409 2516 2995.16
2516 2527 3061.89
1805 2243 2948.31
1809 2243 3406.19
1805 1809 3172.59
2100 2562 3249.88
344 2562 3376.13
238 2241 3189.66
238 1805 2691.16
238 1495 2688.10
1495 1805 2765.19
410 1744 2399.84
1744 2339 3312.54
410 2339 2668.10
410 2458 2638.72
2339 2458 2977.08
1458 1744 3334.96
1458 2339 3291.66
1290 2009 3155.22
2004 2009 3164.36
2009 2380 3146.27
2004 2380 3167.77
1290 2380 3193.31
1779 2323 2799.15
1720 1779 2894.51
1720 2323 2585.30
909 2323 2641.78
909 1720 2521.38
662 910 2614.23
1231 1350 3338.39
2402 2676 3013.99
2151 2676 3043.55
1177 1194 3419.55
13 1194 2927.21
2293 2383 3446.22
1354 2327 3363.48
1410 2383 3405.60
1412 2383 3314.43
1410 1412 3361.36
2383 2583 3253.42
1412 2583 3373.82
526 2324 3301.55
526 2467 3289.35
2306 2325 3372.36
1326 2306 3372.96
1170 1171 2789.02
1170 2478 2777.31
1444 1988 2935.19
1988 2586 3003.55
3 1409 3272.11
3 1407 3258.56
3 1408 2911.06
1407 1408 3232.88
1432 2232 3217.64
1992 2232 3303.75
1432 1992 3402.55
1966 2527 3248.56
1965 1966 3294.80
88 1966 2669.47
88 1965 3213.93
2239 2562 3277.87
344 2239 3403.63
2109 2562 3405.29
1809 2113 3152.27
240 1440 3261.48
240 1813 2989.89
1440 1813 3054.90
172 240 3015.36
172 1813 3387.85
1441 2701 3229.61
1440 1441 3229.62
1407 2701 3000.48
1408 2701 3167.68
1972 2107 2979.48
1809 2107 2895.02
1809 1972 2998.86
2015 2563 3293.47
847 2563 3465.59
847 2015 3433.13
847 1161 3317.23
410 678 2338.62
678 1744 3127.13
234 1449 3072.58
1447 1449 2504.46
409 2504 3074.40
409 1732 3139.16
409 1451 2994.50
1451 2504 3073.89
1451 1452 3001.67
1452 2504 3123.46
1456 2458 2773.75
1456 1955 2843.44
410 1456 3109.61
1456 2504 3102.62
1452 1456 3173.77
410 1452 2923.02
1745 2582 3251.72
1745 2339 3322.19
2339 2582 3287.25
1458 2582 3318.08
1275 1764 2298.65
666 1764 2868.35
666 1275 2743.96
2343 2466 2648.74
2443 2466 3101.07
2343 2443 2612.49
83 2546 3205.00
2380 2546 3175.27
83 2380 2978.47
83 767 3177.08
767 2546 3067.51
2004 2546 2993.87
777 2380 3196.64
83 777 3387.98
1313 2073 3466.48
577 777 3424.33
83 2011 3149.34
767 2011 3303.46
2010 2011 3258.01
577 2011 3244.90
1289 2004 3269.36
1289 2014 3319.92
909 2464 2404.70
1720 2464 2970.64
662 2464 2488.70
662 909 2774.70
870 1113 3115.43
870 2400 3101.93
367 870 3005.39
367 2400 3317.01
2002 2400 3063.89
1113 2002 2894.72
1012 1620 3239.70
1012 1800 3256.84
1620 1800 3213.81
414 1012 2779.02
414 1800 3139.85
1620 2329 3207.53
1714 2329 3367.34
540 2329 3384.59
540 1714 3323.50
1620 2230 3323.15
2192 2230 3157.07
1620 2192 3372.97
1565 1909 3032.23
1565 1578 3371.11
1578 1909 3127.10
1230 1231 3439.15
583 1230 3429.48
1230 1350 3263.28
923 2703 3389.95
1344 2703 3064.06
923 1343 3483.93
1343 1344 2970.97
1343 1350 3231.27
793 1343 3388.19
587 1999 3386.32
1841 2709 3178.13
1369 1494 3253.23
705 1369 3323.09
48 690 3409.41
1494 1842 3334.09
513 854 3351.75
705 1839 3310.57
513 1839 3395.15
179 1373 3441.32
5 729 3249.23
729 1418 3371.08
5 1418 3421.97
854 1664 3340.16
1664 1821 3338.85
854 1821 3377.67
729 1415 3378.13
1415 1418 3386.03
1415 1417 3174.49
179 855 3361.18
451 1417 3337.27
451 1412 3356.75
451 2583 3413.03
1208 1326 3371.56
1208 2306 3382.55
1208 2493 3480.28
1170 2110 2332.94
2110 2478 1775.81
2015 2110 3234.32
2015 2478 3121.65
776 2112 2502.26
776 1171 3009.52
1445 2364 3174.96
1444 1445 3165.85
1992 2341 2285.44
1813 1992 2831.89
1813 2341 3075.53
1805 2529 2742.18
2243 2529 3044.90
172 2529 3062.44
172 2243 2475.32
1381 1385 3159.64
1385 1407 3110.41
157 1385 2870.39
157 1407 3274.57
567 2516 3095.02
567 1409 3113.99
3 567 3122.14
3 1398 2835.63
1398 1408 2334.53
1397 1398 2682.37
1397 1408 2493.71
567 1398 2762.27
567 1397 2476.97
1424 1431 2693.75
1424 1968 2757.56
1431 1968 2801.09
344 1399 3361.89
1399 1965 3260.93
1399 2239 2970.75
88 1399 2944.20
2108 2557 3198.87
2108 2109 3184.45
2107 2108 3138.69
2107 2557 3320.43
2107 2125 3165.81
1809 2125 3039.68
2108 2125 3186.37
240 1978 2781.92
1440 1978 2715.99
1440 1971 2957.54
1441 1971 3124.11
2122 2563 3110.05
2122 2270 3205.36
2270 2563 3088.74
2100 2257 2915.53
896 2257 3063.48
788 896 3020.34
1156 2562 3425.53
1156 2100 3146.03
1152 2477 2623.33
2270 2477 3023.38
1152 2270 2964.53
948 1152 3166.00
948 2270 2925.94
159 948 2947.20
159 1152 2886.96
1745 2453 3120.78
2339 2453 3425.10
1750 2453 3325.86
1750 2339 3446.64
388 1066 2796.30
388 1685 2910.02
1066 1685 2965.81
1455 1747 3031.64
682 1747 2946.43
682 1455 2960.68
1449 1743 2810.62
234 1743 3122.24
1743 2505 3061.66
1449 2505 2853.46
1728 1743 2276.19
1728 2505 3001.52
90 409 2260.20
90 1451 2456.75
233 678 2949.81
233 410 2503.17
233 1452 2981.91
233 1451 2963.67
2002 2682 3116.24
834 2002 3386.22
834 2682 3240.81
1113 2682 3159.16
1275 2605 3124.97
666 2605 2749.72
910 2136 2786.38
666 2136 2885.05
666 910 2289.54
2136 2605 3245.55
2136 2660 3224.49
2605 2660 3272.37
798 2074 3234.13
294 798 3325.48
294 2074 3212.61
798 2021 3037.66
798 1997 2754.87
1997 2021 2590.83
1223 2537 3382.56
2420 2537 3065.67
75 1223 3417.68
834 1223 3325.82
75 834 3006.41
798 1223 3435.12
1223 2074 3233.58
76 2002 2768.51
76 834 3276.50
2026 2078 3248.74
1192 2078 3105.61
1180 2021 3039.92
1180 1997 2452.65
806 2005 3458.93
1061 2207 3241.15
1061 2537 3319.92
2207 2537 3242.61
625 2537 3108.24
625 2420 3071.94
2605 2606 3069.20
2406 2605 2727.53
2406 2606 2488.64
2465 2629 2210.41
1447 2465 3009.63
1780 2466 2384.14
1705 1780 2639.06
1705 2466 3250.42
859 1776 2602.05
859 2695 2728.98
1776 2695 2469.49
314 2700 3234.63
542 2700 3220.80
314 542 2998.45
1720 1738 3063.43
1732 1738 2904.03
1738 1779 3014.39
541 1740 2789.56
541 1443 2938.05
1443 1740 2760.07
541 1738 2570.32
541 1732 2446.66
941 2011 2903.40
577 941 3075.05
83 941 2660.38
777 941 3269.90
28 2164 2985.20
28 2010 3472.92
2010 2164 3291.67
28 2011 3170.18
28 767 2629.76
1267 2164 3300.42
1267 2060 3314.65
2060 2164 3065.02
1267 2010 3038.02
768 2164 3171.30
768 2060 3183.55
768 2546 3193.38
767 768 2641.02
28 768 2412.53
12 2026 3261.29
12 2010 3162.99
12 2078 3173.33
367 2072 3377.99
2071 2072 3189.90
367 2071 3334.08
2014 2072 3311.12
2072 2163 3279.54
2071 2163 3111.16
1289 2072 3320.58
1289 2163 3057.20
768 2062 2946.92
2060 2062 2960.01
2062 2546 3125.19
2060 2470 2690.69
2062 2470 3311.86
2004 2062 3274.35
1289 2062 3123.87
910 1777 2824.74
662 1777 2485.31
1764 1777 2603.71
666 1777 2695.38
664 1777 2576.62
664 1764 2495.13
1583 2351 3075.47
1582 1583 2511.74
1582 2351 2772.68
1584 2351 2755.75
1583 1584 2981.67
827 1620 3287.67
827 2192 3124.53
1012 1621 3125.16
1620 1621 3283.07
827 1621 3105.85
827 1610 2984.12
1610 1621 3065.19
414 1621 3106.87
414 1610 3274.58
540 1404 3340.15
1404 1714 3330.01
1505 1590 3320.73
199 1505 2484.98
199 1590 3424.80
1590 1719 3290.29
1941 2402 2841.08
1713 2329 3348.30
1590 1713 3431.85
1713 1719 3358.82
329 2230 2935.20
329 1620 3241.76
2230 2368 3258.48
2192 2368 3266.26
1085 1099 3534.99
1099 2591 3342.11
1085 2591 2963.98
2548 2703 3283.44
923 2548 3280.40
1230 2033 3258.29
1350 2033 3389.49
1943 2676 2634.42
1943 2402 3050.24
1941 1943 2847.02
1942 1943 2804.50
1941 1942 3130.68
309 1873 2961.78
1873 2151 2682.46
309 2151 2759.00
309 1407 3217.41
157 309 2622.24
1945 2676 2838.37
1945 2151 3066.72
1873 1945 3157.96
1322 2327 3292.05
669 1322 3369.69
969 2492 3079.41
305 2492 3020.55
305 969 3375.11
669 2492 3099.74
669 2500 3181.90
2492 2500 3286.06
669 969 3285.91
432 1714 3379.70
1717 1719 3468.63
793 1717 3563.04
230 1719 3396.78
852 898 3202.50
1011 1610 3113.56
414 1011 3029.59
150 2709 3457.30
1488 2086 3346.75
1488 1999 3439.51
1999 2086 3423.32
93 2709 3359.73
93 150 3501.06
729 1132 3400.54
5 1132 3352.93
1897 1898 3080.73
1373 1821 3331.28
1133 1898 3330.53
48 1898 3206.12
48 1133 3151.17
690 1898 3111.54
690 1897 3086.49
13 111 3300.86
111 1179 3127.48
111 1664 3418.74
517 1664 3387.58
517 1821 3328.61
2295 2383 3260.57
1418 2383 3282.63
1418 2295 3359.92
1415 2295 3331.47
2295 2583 3292.41
1417 2295 3366.06
451 2295 3247.26
17 776 2769.15
776 786 2814.30
17 786 2617.39
17 2479 2664.69
786 2479 2788.31
17 1170 2722.64
17 1171 3087.06
2259 2479 2659.03
17 2259 3003.39
17 2110 3085.70
406 1988 2591.77
406 2586 2948.39
406 1444 3045.18
406 1445 2822.21
172 1808 2877.91
1808 1813 3352.99
1808 2341 3293.97
1808 2529 3262.52
748 1424 2731.12
748 1968 3042.04
748 2241 3005.69
1968 2241 2873.95
238 748 2590.56
568 1966 2748.10
568 2527 3066.22
568 2238 2895.91
2238 2527 3358.91
1396 2516 3145.28
1396 2527 3308.30
1396 2238 3113.86
567 1396 3128.92
1396 1397 2874.71
1397 2234 3010.17
1408 2234 3105.41
2234 2701 3116.99
1396 2234 2613.55
2234 2238 3019.32
2108 2564 2924.96
2109 2564 3144.18
2125 2564 2880.75
159 1156 3004.12
159 2564 3200.55
240 1979 2725.09
172 1979 3169.37
1979 2243 3071.21
1809 1979 3060.68
215 1978 2521.72
215 1440 2665.38
215 1971 2865.70
2390 2557 3035.13
2107 2390 3039.92
1971 2390 2659.95
1972 2390 2631.63
215 2390 2573.31
17 897 2721.19
897 2259 2667.75
897 2110 2941.94
897 2563 3056.70
14 2257 2704.56
14 2100 2815.62
2265 2477 3203.99
2265 2270 3299.35
2265 2563 3078.46
847 2265 3174.36
1161 2265 3218.22
1182 2265 3189.47
1182 2477 3055.07
788 1182 2930.28
1161 1182 3139.38
1459 2453 2702.17
1459 1745 2535.84
1459 2582 2475.63
2244 2453 3355.47
1750 2244 3244.20
1210 1750 3267.86
1210 2339 3405.31
1210 2458 3222.52
1210 1763 3126.53
1063 1066 3038.83
1063 1685 2433.66
1448 2700 2623.40
1448 2505 2467.81
2505 2700 3048.94
1448 1449 2700.78
1447 1448 2745.90
1446 1448 2801.55
1446 1447 2926.58
1743 2231 2843.78
234 2231 2915.07
1728 2231 2721.89
234 1729 3076.06
1729 2231 3311.41
1723 1728 2745.86
1723 2505 2969.06
1457 1723 3142.61
1457 1728 2634.72
233 543 2772.90
233 542 2566.19
542 543 2552.17
543 678 3273.82
543 2700 2940.56
543 2505 3066.48
678 2505 3178.05
90 2503 2870.41
1451 2503 2668.44
233 2503 2909.32
542 2503 3089.39
314 2503 3086.35
1120 2281 2714.14
1120 1653 3203.91
1653 2281 2949.57
291 1120 2789.56
291 1653 2917.70
1121 2136 3401.57
1121 1122 2826.87
755 798 2900.48
755 1997 3148.28
755 1223 3385.70
75 755 2694.29
1997 2158 2966.45
1180 2025 3337.36
1478 2074 2976.34
76 1998 3131.65
834 1998 3134.00
75 1998 3220.04
2078 2273 2911.60
1192 2273 3195.22
2025 2273 2902.22
2025 2078 2827.66
1180 2273 3187.76
1180 1192 3163.96
2074 2430 3319.98
294 2430 3074.00
1061 1645 2752.24
1645 2537 3211.53
625 1645 2819.87
1545 2207 3147.55
1061 1545 3044.47
211 663 2594.73
663 1275 2449.06
211 1275 3066.48
663 1764 2615.15
1300 1649 2316.83
1649 2624 2648.65
1300 2624 2133.97
532 1686 2443.03
532 2406 2146.23
1686 2406 2175.24
1654 1686 2759.50
1654 2406 2664.56
1653 2210 3238.90
2210 2406 2699.38
1653 2406 2661.62
1654 2210 3113.79
323 1577 2198.19
1577 2187 2506.61
323 2187 3290.63
78 2643 2356.48
78 2629 2355.83
2629 2643 2200.46
2465 2643 2555.80
965 1780 2548.32
965 1705 2491.63
78 1780 2661.79
78 965 2763.72
302 1780 2523.49
78 302 2570.30
302 2343 2861.26
2343 2629 3072.20
302 2629 2597.13
302 2466 2318.07
186 859 2729.03
186 2695 2738.88
186 2323 2923.21
2323 2695 2592.40
1293 1649 2500.46
1293 2624 2695.13
1293 1776 2678.78
1776 2624 2418.67
1770 1776 2670.20
1770 2695 2710.95
1770 2323 2606.29
909 1770 2612.43
660 1770 2394.45
660 1776 2818.81
90 1450 2546.65
409 1450 2726.28
1450 1732 3261.29
1740 1741 2776.01
1443 1741 2491.02
1741 2503 2733.96
90 1741 2729.25
1450 1741 2728.11
1450 1740 2805.56
541 1739 2843.77
1443 1739 3067.10
408 1739 2921.20
1731 1739 2705.85
408 1731 2769.43
408 1443 2942.29
311 1738 2623.73
311 1779 3100.15
311 2451 3086.58
1738 2451 2421.08
541 677 2716.03
677 1732 2444.08
677 1740 2777.42
677 1450 2798.22
2068 2071 3127.90
2068 2163 3155.75
2065 2068 2762.46
2065 2071 2919.52
945 2065 2975.63
945 2071 3074.14
1288 1289 3115.34
1288 2163 2974.01
1288 2062 2816.14
1288 2068 3298.55
1288 2063 3039.14
2062 2063 3104.57
2063 2068 3068.85
2063 2065 3245.47
2262 2682 2725.50
241 2682 3146.55
241 2262 2831.34
2114 2262 2813.03
241 2114 2646.83
1113 2262 3315.48
1113 2114 3341.55
1113 2118 2966.24
2114 2118 2819.81
950 1121 3174.54
950 1122 2750.45
499 950 2402.35
499 1121 2440.78
138 1998 3039.75
76 138 2811.34
1226 2400 2968.30
367 1226 3314.57
1226 2003 2978.55
2003 2400 3077.98
910 1778 2145.56
666 1778 2385.97
1777 1778 2763.34
477 1036 3289.80
1036 2367 3371.73
477 2367 3235.48
477 2205 2902.06
1036 2205 3032.43
1035 1036 3027.57
1035 2205 3244.65
601 2351 2978.58
601 1584 2657.56
2603 2616 3142.43
1582 2616 2951.22
1582 2603 2634.15
1583 2603 2700.44
1093 1583 2907.49
1093 2603 2972.37
387 1583 2614.86
387 1093 3102.08
387 1584 2813.13
387 814 3124.25
814 1584 2623.88
467 814 2794.83
387 467 2818.77
387 1098 3017.08
1093 1098 2989.18
467 1098 2930.90
814 1098 3084.04
814 1097 2589.48
1097 1098 2944.55
115 230 3159.84
115 1719 3430.97
115 1713 3081.11
199 331 2457.01
331 1620 3216.51
329 331 2953.92
331 1505 2579.60
198 331 2969.75
198 329 2614.97
66 1565 3031.52
66 1909 3307.23
624 1032 3204.87
1031 1032 3164.23
624 1031 3294.09
477 1032 2945.02
1032 2205 2671.75
477 1031 3016.39
1085 2520 3380.14
2520 2591 2734.70
465 2520 2787.65
465 1085 3163.41
1085 1633 2936.00
1085 2202 3037.46
1633 2202 3203.69
2202 2422 2866.82
1582 2422 3268.45
1582 2202 3252.93
1085 2422 2824.64
2351 2422 3134.64
465 2422 3150.02
601 2422 3119.64
465 601 2919.71
1099 1587 2635.87
1587 2591 2282.54
220 2237 2598.33
1565 2237 3276.75
220 1565 3098.68
981 1570 3053.77
1570 2593 3121.11
981 2593 2937.46
924 2033 3386.24
924 1350 3464.09
1230 2425 3209.42
583 2425 3374.43
2033 2425 3329.82
309 565 2879.58
565 1873 2746.75
157 565 2950.42
911 1318 3195.09
305 1318 3194.07
305 911 3358.08
969 1318 3117.19
669 1318 3319.34
1318 1322 3436.72
1320 2492 3166.65
305 1320 3030.90
1221 2548 3255.98
923 1221 3199.99
2076 2328 3259.95
432 1712 3352.41
432 1401 3337.89
1401 1714 3252.31
229 1401 3405.18
1401 2500 3340.65
229 2500 3329.75
852 1901 3392.19
126 1369 3442.30
707 1841 2903.11
707 2709 3335.76
804 2709 3381.50
126 707 3236.99
1132 2288 3110.62
5 2288 3286.53
855 1865 3218.70
517 1865 3318.42
111 850 3343.97
850 1664 3523.27
13 850 3309.84
776 2258 2696.75
786 2258 2511.79
16 2258 2575.70
16 786 2396.44
2112 2258 2666.03
16 2112 2702.31
2269 2479 2952.95
2259 2269 3051.93
948 2124 2929.86
2124 2270 3265.09
313 406 2672.49
313 2586 2455.72
313 1445 2401.44
313 2364 2858.78
365 1432 3413.62
365 1992 3411.01
365 1439 2956.17
1432 1439 3267.09
1806 1808 2977.58
1806 2529 2935.87
1806 1807 3304.37
1807 2529 2540.41
1806 2341 2975.81
1806 1992 2562.47
365 1806 3244.97
365 1807 3167.44
274 1805 2268.01
274 1495 2556.75
274 2659 3042.39
1495 2659 2567.01
252 2659 2715.08
252 274 2971.73
2335 2529 2729.02
1805 2335 3003.64
1807 2335 2763.05
365 2335 2949.45
938 2528 2684.48
2242 2528 3124.20
938 2242 2997.47
744 938 2928.18
568 569 2746.12
569 1966 2205.59
88 569 2439.47
569 1399 2792.56
569 2239 2931.57
1896 2239 3230.49
1896 2701 3239.94
1896 2234 2953.13
1896 2238 3018.69
1155 2564 3301.64
1155 2125 3309.19
1155 2113 3276.51
1155 1809 3139.83
1429 1978 2514.64
240 1429 2837.05
1429 1979 2936.83
1429 1972 3002.95
1429 1809 2989.55
215 1426 2504.07
1426 1978 2341.62
1426 2390 2720.18
1426 1972 2625.12
1426 1429 2579.50
1158 2257 2723.60
896 1158 2966.65
14 1159 2706.92
1159 2257 2759.96
377 784 2817.37
784 788 3095.32
377 788 3112.37
377 1182 2827.18
1156 1157 1985.03
159 1157 3212.90
783 1157 2734.78
159 783 3191.34
1152 2106 2778.40
159 2106 3001.55
783 2106 2545.55
679 1459 2935.71
1459 1729 2779.66
679 1729 2696.08
679 2453 3009.51
1749 2244 2731.33
1749 1750 2504.30
1737 1869 3346.25
1363 1737 3351.49
1363 1869 3337.99
744 1737 3351.43
1737 1763 2833.10
744 1869 3378.82
1210 1762 3298.61
1762 1763 2977.45
1737 1762 3256.82
1749 2245 3143.01
1750 2245 3021.56
915 1448 2822.78
915 1446 3035.28
915 2700 2577.89
1457 2691 2407.90
1728 2691 2458.91
2231 2691 2755.47
1458 2691 2772.57
1744 2691 2733.94
1457 1744 3156.01
495 1723 2806.10
495 1457 2962.27
495 678 3061.48
495 1744 2895.87
495 2505 2819.38
2134 2605 2227.06
2134 2406 3331.04
1653 2134 2701.67
2134 2281 3060.63
291 1114 2596.32
291 2117 2100.22
1114 2117 2679.82
1114 1223 2790.73
1121 2127 3198.39
2127 2136 3176.81
2127 2281 3038.33
1120 2127 3028.84
26 755 2738.75
26 75 2829.59
26 1998 3263.12
1998 2156 2828.99
26 2156 2548.09
26 1997 3072.40
26 2158 2887.38
2156 2158 3289.13
798 2070 3176.97
294 2070 3064.17
798 1186 3159.35
1186 2021 2849.03
1186 2070 3134.80
440 1186 3030.54
440 2070 3068.69
877 2537 2502.95
1478 2387 3092.33
877 2387 2858.08
762 1478 2729.19
762 2387 3005.28
1114 2105 3273.57
1223 2105 2913.02
1114 2116 3055.27
2105 2116 3079.89
2022 2023 3265.97
2022 2207 3290.78
2023 2207 3155.59
2020 2430 3077.27
1184 2430 2776.99
1184 2020 3336.25
1202 2020 3098.97
2020 2074 3319.30
1202 2000 3358.46
2000 2020 3397.98
386 2350 2694.66
386 1083 2956.91
1083 1685 2816.93
386 1685 2921.89
386 1747 2767.64
1685 1747 2812.30
386 1084 2771.30
1084 2350 2597.50
107 1084 3082.32
107 386 2646.21
422 1499 2394.12
1082 1499 2694.53
422 1082 2623.06
1021 1025 2896.24
1021 2483 2869.81
1025 2483 2960.63
1029 1634 3234.95
1029 2202 3290.90
1634 2202 3158.98
1029 1633 3098.89
421 2023 2767.52
421 571 2825.38
571 2023 2894.80
1477 2024 2711.34
2024 2537 2878.46
1477 2537 2698.58
2024 2207 2894.76
2023 2024 2890.64
421 2024 2574.33
478 1545 3049.66
1050 1545 3121.92
478 1050 3258.49
937 1658 2427.69
1522 1658 2264.13
937 1522 2461.38
385 477 3227.68
385 1031 3297.38
385 2367 3352.30
385 1644 2960.20
1644 2367 3050.89
1038 1545 3291.23
1038 2207 3229.96
1038 2022 3275.57
2022 2540 3434.01
1038 2540 3300.68
1038 1050 3207.90
1038 1644 3361.02
1050 1644 2927.62
1677 2606 2688.08
1677 2406 2263.35
663 968 2276.86
968 1764 2522.49
664 968 2671.48
860 968 2282.27
664 860 2771.83
1649 1768 1983.62
1768 2344 2698.59
1649 2344 2028.23
1300 1768 2285.77
1722 1768 2643.93
1722 2344 2498.23
211 1768 2448.45
211 1722 2696.10
1781 2466 3100.65
1781 2443 3108.66
534 1292 2643.63
1292 2606 3074.19
534 2606 2172.52
211 1292 2819.98
1275 1292 3107.21
1292 1722 2341.31
1292 2605 3165.41
1513 1654 3161.37
1654 2634 3172.64
1513 2634 3154.24
1513 1686 2881.21
1686 1695 2961.82
1686 2187 2754.86
1695 2187 2535.17
1577 1695 2153.79
1695 2343 2602.98
1695 2443 2719.26
1577 2350 2750.96
1695 2350 2368.15
1695 2629 2664.33
323 2632 2232.37
2187 2632 2804.92
1446 1730 2733.12
1447 1730 2931.07
1730 2465 3366.17
915 1730 2795.50
408 915 2916.02
408 1730 2771.93
661 1710 2584.62
661 1779 2605.74
1710 1779 2363.15
186 1710 2555.25
186 661 2491.39
1710 2323 2891.99
1650 1776 3034.26
859 1650 2910.67
1293 1650 2342.20
1650 1771 2576.83
859 1771 3086.84
1293 1771 2505.39
1296 1776 2512.75
1296 2624 2707.71
660 1296 2371.35
660 860 2243.71
860 1296 2408.16
1296 1300 2509.62
860 1300 2612.92
664 967 2123.31
860 967 2118.67
660 967 2840.36
967 1777 2239.14
967 1770 2636.89
909 967 2736.96
662 967 2772.26
2452 2503 2608.44
314 2452 3174.77
1741 2452 2538.65
1443 2452 3096.88
1438 1739 2901.26
541 1438 2865.98
1438 1738 2463.98
1438 2451 2389.30
210 1297 2906.43
210 2451 3157.31
1297 2451 2731.50
311 1297 2815.61
262 1255 2763.51
1255 2468 2558.92
262 2468 2395.05
2050 2071 3238.08
367 2050 2851.07
945 2050 2958.59
138 1227 2917.44
138 1224 3102.49
1224 1227 3038.88
2008 2159 3401.07
12 2008 3022.61
2008 2010 3386.49
2008 2059 3389.84
2059 2160 2748.15
2008 2160 3269.31
2059 2159 3340.87
1267 2008 3041.09
2008 2469 3176.39
2160 2469 2958.14
1267 2469 3041.59
2158 2399 3229.67
2156 2399 3194.55
1998 2399 3154.84
2159 2399 3209.81
1227 2399 3055.64
765 2063 3210.71
765 2065 3052.99
2118 2263 1965.00
1116 2263 3282.75
2118 2337 1969.90
2263 2337 2774.49
2118 2404 3286.84
2114 2404 2612.35
2130 2263 3301.58
2130 2337 3044.03
950 2130 2442.52
1116 2130 3187.96
8 1226 2934.80
1224 1226 3156.85
8 1224 2827.07
2400 2590 3154.58
2002 2590 3016.04
2003 2590 2798.31
1537 2437 2946.87
1537 2519 2851.56
2437 2519 2680.83
1035 1065 2472.34
1035 2438 2415.43
1065 2438 3300.83
1065 1539 2968.61
1539 2438 3225.69
601 1585 2653.81
1584 1585 2896.51
1585 2423 2392.93
1086 1585 2313.54
1086 2423 2696.74
465 1585 2784.82
465 1086 2980.72
1557 1568 3259.44
1568 2307 2888.48
1557 2307 2588.81
304 1568 2702.09
304 2155 3219.06
1568 2155 2729.48
304 1557 2786.58
338 2236 3026.83
1721 2236 2903.65
338 1721 3447.79
1553 2236 2727.99
1553 1721 3113.79
595 1066 3094.08
388 595 2891.89
2530 2616 3265.35
2438 2530 3039.30
2438 2616 3263.48
594 2437 2617.34
594 1064 2776.12
1064 2437 2609.02
65 2395 3123.98
65 2307 3187.64
2307 2395 3199.30
65 1557 3190.40
65 889 2822.00
889 1557 3149.57
2157 2395 3113.62
2157 2307 3180.54
1568 2157 2980.59
1568 2533 3029.17
2157 2533 2857.69
1361 1869 3228.13
1361 1363 3258.00
115 1403 2993.25
115 1405 3220.24
1405 1713 3233.93
1403 1405 3022.33
862 1405 2879.30
223 331 2527.73
223 1505 2913.61
198 223 2746.31
223 1558 2902.89
198 1558 2836.81
223 1590 3366.97
984 2358 2830.53
1558 2358 2696.99
984 1558 2764.44
223 984 2857.83
984 1590 3442.42
1578 1590 3260.64
984 1578 3249.45
329 330 2727.38
330 2230 2954.02
330 2186 3002.89
2186 2230 3055.95
198 330 2518.49
330 1558 2727.31
985 2186 2891.12
985 2230 3254.22
2357 2368 3385.42
1043 2357 3179.66
1043 2368 3423.60
1642 2357 3195.67
1043 1642 3017.81
1589 2357 2795.96
1589 1642 2968.32
2230 2357 3377.07
985 2357 3157.40
985 1589 3106.00
602 2423 3150.40
602 1086 2800.78
465 602 2791.41
602 2520 3157.14
1207 2396 2744.81
889 2396 2693.60
889 1207 2743.10
1641 1642 2975.49
1043 1641 3038.80
980 1575 2565.29
1575 2162 2362.94
980 2162 2722.26
42 1575 2906.12
42 2162 2378.91
837 924 3209.04
837 1350 3071.84
837 2703 3395.36
977 1945 3204.39
977 2676 3010.12
911 1789 3180.38
1318 1789 3250.81
1354 1789 3286.54
1789 2327 3483.89
1322 1789 3387.41
1301 2309 3127.31
2309 2467 3318.59
1301 2467 3437.88
911 1784 3248.23
1786 2309 3153.08
1786 2645 3178.35
1784 1786 3236.81
1786 2467 3226.65
1786 1800 3299.38
374 2076 3231.14
374 1312 3131.00
10 2076 3381.67
1712 2501 3250.42
36 2501 2483.87
36 1712 3126.37
1954 2328 3409.64
1712 1954 3381.72
1401 1708 3357.84
432 1708 3305.13
229 1708 3309.65
852 2599 3281.00
898 2599 3322.84
509 2599 3376.90
2569 2599 3266.60
898 2569 3353.81
1128 1899 3361.38
362 1128 3381.02
1442 2706 3416.57
342 1442 3319.32
1356 1442 3316.53
342 1356 3372.21
362 2619 3309.00
1128 2619 3338.50
177 1011 3367.74
122 1356 3304.17
297 1990 2884.86
366 1990 3285.38
366 2005 3358.15
150 2235 3368.08
1990 2235 3053.02
297 2235 2708.40
1011 2534 3036.79
1610 2534 3143.04
828 1624 3210.85
1624 2193 2659.09
828 2193 2844.52
2086 2573 3256.54
1999 2573 3297.25
94 1479 3356.07
1479 1482 3340.79
94 1482 3295.62
297 1479 3266.42
505 1133 3375.00
1150 1835 3324.49
1150 1899 3307.64
1150 2709 3154.55
1148 1810 3280.69
1810 2288 3392.63
1390 1865 3273.64
855 1390 3137.67
179 1390 3257.80
1373 1390 3348.76
1390 1821 3344.37
517 1390 3298.23
516 517 3396.19
516 1664 3403.17
516 850 3423.12
897 2123 2619.57
2123 2259 3067.16
2123 2269 2981.90
16 1172 2314.26
1172 2112 2767.40
1172 2113 3028.73
1172 2269 2813.76
2113 2269 3295.63
274 312 2606.26
312 1805 2488.09
312 2335 2748.74
1981 1989 3266.88
1981 2528 3115.48
1989 2528 3299.37
938 1989 2747.24
1431 1989 3301.52
1432 1989 2729.72
1431 1432 3056.56
1431 1981 3007.51
1989 2232 2884.53
1980 2528 2868.22
1980 2241 3363.43
1968 1980 3391.80
1431 1980 3251.33
1330 2376 2970.64
1330 2232 2796.52
2232 2376 2834.16
748 1970 2605.32
238 1970 2543.48
420 748 2910.40
420 1424 2620.92
744 2490 3348.85
1948 2490 2839.96
744 1948 3004.43
568 747 2242.85
747 2238 2898.98
747 1896 3216.91
569 747 2654.03
747 2239 3169.43
948 2271 2939.91
159 2271 2879.94
2271 2655 3193.72
2113 2655 3046.02
2113 2271 3174.26
1154 2564 3391.27
159 1154 3138.12
1154 1155 3239.10
1154 2271 3236.74
1154 2113 3246.30
784 1144 2546.40
788 1144 2682.64
1144 1158 2553.80
158 1156 2342.65
158 2100 3087.59
247 2106 2544.06
247 1152 2786.96
1735 2244 2874.82
1735 2453 3006.46
1747 2613 2673.91
682 2613 3258.30
2246 2613 2312.85
1747 2246 2211.23
1736 1737 3423.97
1363 1736 3162.13
1736 1762 3284.91
1759 1762 3489.10
1210 1759 3387.25
1759 2250 3335.15
1210 2250 3438.94
1467 2250 3270.13
1210 1467 3476.66
1467 1750 3378.19
1467 2245 3201.73
422 600 2505.95
107 600 2744.15
107 422 2426.21
386 600 2624.14
600 1083 2801.32
939 1063 2438.00
939 1685 2649.36
599 939 2258.10
599 1063 2510.54
939 1083 2479.69
314 2708 2519.59
2700 2708 2787.57
915 2708 2541.44
408 2708 2685.08
2650 2691 2898.77
1458 2650 2690.42
2231 2650 2495.23
2582 2650 2815.69
1729 2650 2644.31
1459 2650 2571.33
2134 2137 2375.53
2137 2281 2796.62
2137 2660 3097.64
2137 2605 3091.33
2066 2429 2494.72
2021 2429 3246.08
2021 2066 3310.56
840 2070 2728.54
440 840 2710.65
1201 1995 3234.27
1995 2005 3403.72
800 1180 3296.23
800 1192 3473.83
2024 2027 2398.24
1477 2027 2797.10
421 2027 2474.75
841 1478 2781.29
841 2074 2921.41
762 841 2809.44
841 2020 3357.03
1111 1223 2982.30
834 1111 3321.71
1111 2105 3208.24
1111 2682 3273.34
241 1111 3082.73
241 2105 3078.95
275 397 2561.37
397 571 3000.12
275 571 2552.40
1202 2029 3457.30
2000 2029 3367.92
754 1995 3044.20
366 754 2997.37
422 1517 2730.23
1499 1517 2525.44
1084 1517 2298.35
1517 2350 3015.70
107 1517 2550.16
321 1559 2892.76
458 1559 2809.93
321 458 2803.71
321 1499 2313.74
1499 1559 2824.44
1071 2401 2921.39
596 1071 2609.97
596 2401 2604.32
596 2367 2750.35
2367 2401 2742.88
109 1658 2595.59
109 1522 2790.96
109 1054 2671.87
1054 1522 2678.45
621 1026 2475.48
475 621 2664.35
475 1026 2828.13
1026 1613 2592.42
1026 1627 2717.54
1613 1627 3134.49
621 1613 2902.15
1021 1599 3119.05
1599 2483 2721.39
1599 2198 2404.31
1021 2198 2938.22
1025 2485 3113.06
475 2485 2789.00
475 1025 2964.22
2483 2485 2822.16
416 2485 2699.68
416 475 2754.54
1042 2532 3089.29
1640 2532 3022.96
1042 1640 3153.04
1042 2368 3376.26
1042 1043 2935.12
2368 2393 3231.89
1029 2486 2994.88
1634 2486 3138.40
1613 2486 3248.55
1627 2486 3093.34
1613 1634 3291.97
1619 2486 2300.09
1619 1627 2091.68
1632 2532 2932.26
1632 1640 2881.07
1029 1632 2863.59
1029 1640 3081.41
1655 2210 2925.48
1654 1655 2587.38
55 2612 2426.13
55 57 2470.43
57 2612 2852.88
625 1547 2596.32
1547 2420 2871.75
100 1547 2940.87
100 2420 2669.57
627 2612 2843.48
57 627 2974.37
627 1547 3059.71
100 627 2953.65
627 1546 3074.35
1546 2612 2668.18
625 627 2792.15
625 1546 2932.16
532 2311 2651.18
2311 2406 2243.29
1677 2311 2563.28
79 434 2376.02
165 434 2372.81
79 165 2101.47
1291 1768 2736.25
211 1291 2634.28
1291 1300 2272.93
860 1291 2604.03
968 1291 2562.81
663 1291 2358.12
206 650 3177.34
206 2622 2761.76
650 2622 2833.48
82 1704 2487.76
651 1704 2264.19
82 651 2267.62
1781 2673 3188.09
82 2673 2934.45
82 1781 3130.65
1704 2673 2606.46
1706 2673 2502.08
1704 1706 2555.73
2466 2673 3046.63
1705 2673 2343.74
1292 1298 2091.38
1298 1722 2709.34
534 1298 2788.93
1298 2344 2760.11
535 1298 2530.95
535 2344 2643.40
1261 1298 2649.41
535 1261 2618.83
534 1261 2251.20
534 964 2142.36
964 2606 2576.34
1080 1686 2916.49
1080 2187 3025.09
1080 1513 3000.87
597 1513 2753.26
597 2634 2662.40
1695 2308 3281.46
2308 2443 2362.39
1686 2308 2384.86
1689 1694 1863.40
1694 2340 1987.18
1689 2340 1974.27
1689 2308 2436.80
1686 1689 2400.07
1694 2308 2605.35
1510 1577 2917.74
323 1510 2323.12
1510 1559 2544.03
323 1559 3094.55
1510 2350 2399.51
1499 1510 3013.68
1510 1517 2644.47
286 1559 2797.21
286 323 3208.77
1730 2625 2825.54
2465 2625 3001.83
653 1272 2729.05
653 2319 2507.53
1272 2319 2456.65
1272 2498 2428.78
653 2498 2464.90
1647 2502 2813.09
117 2502 2982.21
117 1647 2425.07
1730 2502 2920.29
408 2502 2531.60
1731 2502 2915.17
117 1731 2714.89
676 1438 3200.05
676 2451 3208.20
676 1739 3033.00
210 676 2989.44
676 1437 2625.72
210 1437 2744.23
676 1731 2689.87
1437 1731 2519.73
1437 1775 2493.17
210 1775 2812.76
186 2614 3059.63
661 2614 2750.47
2463 2614 2689.05
661 2463 2867.62
859 2614 2794.70
1771 2614 2743.27
1742 2452 2511.74
314 1742 2610.33
1742 2708 2769.04
408 1742 2909.01
1443 1742 2697.37
1718 2463 2761.84
661 1718 2767.14
1718 1779 2899.85
311 1718 2668.82
1297 1718 2168.53
1297 1774 2363.42
210 1774 2340.70
1774 1775 2346.68
1718 1774 2442.26
1774 2463 2628.13
2469 2544 3137.31
2160 2544 2735.09
2059 2544 3094.54
764 2469 2996.57
764 1267 3070.20
27 764 2907.42
27 2469 2897.32
764 2060 3111.53
764 2470 2746.99
757 1263 3136.02
262 1263 3217.04
262 757 2805.44
945 2471 3118.02
2065 2471 3068.79
1226 2049 3267.63
367 2049 3027.90
2049 2050 2183.26
1224 2049 3342.64
1227 2057 2937.33
2057 2058 2463.44
2058 2399 3163.31
2058 2159 3446.37
2058 2059 3275.06
2057 2059 2955.55
765 1268 2806.13
1268 2063 3102.07
1268 2062 3250.36
1268 2470 2741.44
291 423 3081.28
423 2117 2739.81
243 423 2395.83
243 291 2449.28
291 2121 2543.30
1120 2121 3004.72
243 2121 2712.17
2105 2553 3048.07
2116 2553 3263.16
2404 2553 3006.02
2116 2404 3396.91
2114 2553 2694.24
1115 2404 3160.55
1115 2116 2756.92
1114 1115 2686.15
1115 2117 3218.32
403 2404 3205.37
403 2118 3326.95
403 2337 1845.61
242 403 3213.21
242 2337 2284.01
403 1115 3351.35
242 1115 3207.98
138 2001 2846.37
1224 2001 2602.98
8 2001 2097.57
8 138 3126.61
76 756 3018.26
756 2002 2928.34
756 2590 2685.55
138 2590 2765.61
138 756 2787.52
8 1225 2247.34
138 1225 2887.08
1225 2590 3007.81
1225 2003 2543.34
1225 1226 2920.00
2342 2437 2868.02
2342 2519 2651.21
1065 2342 2777.53
1065 2519 2974.77
1539 2342 2635.37
594 2342 2509.81
1065 1530 3101.66
1035 1530 2944.01
1036 1530 2597.62
1058 1530 3111.58
1036 1058 2593.70
436 724 2969.55
436 1330 3014.26
724 1330 2784.79
1596 2236 3234.28
815 1596 3132.76
815 2236 3184.37
168 1096 2883.75
168 288 2844.36
288 1096 2701.42
1473 1553 3049.05
1473 1721 3209.12
1473 1568 3158.06
1473 2155 2885.91
1568 2628 3062.81
2533 2628 2596.33
1095 2611 2455.02
976 1095 2903.03
976 2611 2649.27
1094 2611 2514.96
1094 1095 2531.49
1098 2611 3092.51
1093 2611 3088.50
1094 1098 2674.39
1519 2603 3334.43
1519 2616 3107.30
1519 2530 3110.67
595 1542 2403.02
1066 1542 2955.66
1539 1540 2703.62
1540 2438 2909.16
447 1098 2896.73
447 1094 2445.74
389 447 2838.13
389 1098 2879.13
447 1095 2426.32
447 1096 2526.32
288 447 2926.04
389 1096 2951.28
447 976 2652.54
288 976 2516.94
389 1101 2599.38
389 2424 2544.60
1101 2424 2917.04
1096 1101 2252.79
168 1101 2727.76
1101 1596 2633.77
1596 2424 2556.26
1101 2236 2999.08
333 1098 2501.99
333 1097 2849.26
333 389 2748.81
333 2424 2788.56
64 2157 2918.88
64 2533 2628.28
64 2395 3220.96
1104 1105 3223.11
1105 1492 3287.18
1104 1492 2823.52
1105 1587 2918.71
1099 1105 2902.83
1104 1587 2743.20
304 741 3156.73
304 345 2980.39
345 741 2944.36
741 2155 3195.86
1358 1361 3196.38
1358 1363 3044.26
1358 1850 2819.50
1361 1850 2618.17
125 1358 2632.96
125 1850 2930.11
742 1358 2494.30
125 742 2642.29
1013 1624 2731.58
1013 2193 3012.75
335 1013 2637.55
335 1624 3110.94
973 1405 2835.82
973 1713 3151.46
973 2329 3029.26
330 2414 2940.49
2186 2414 2506.70
2358 2414 2647.99
1558 2414 2922.43
1642 2356 2818.88
1589 2356 3002.58
2162 2356 2979.29
1642 2162 3070.06
980 2356 3015.32
816 985 2968.23
816 1589 2645.66
221 981 2919.92
221 2593 2299.32
328 2409 2842.61
328 980 2982.66
980 2409 2854.47
328 1575 3038.76
221 328 2975.51
328 2593 3079.43
328 1570 3097.55
178 2414 2325.84
178 2358 2809.66
178 985 2797.87
178 2186 2291.80
66 195 3138.88
66 1566 3151.64
195 1566 3065.41
195 2396 2968.29
66 2396 3239.21
66 1564 3366.74
1564 1565 3006.80
1564 2396 2796.58
220 1564 2939.76
1207 1564 2920.08
220 1207 2795.42
1027 1641 2788.46
1027 1631 3098.76
1631 1641 2606.65
42 1027 2695.15
1027 2162 3051.96
1027 1642 3210.29
2480 2532 2546.69
1631 2532 3055.45
1631 2480 2779.31
892 2480 2947.62
892 1631 2731.75
11 892 3000.80
11 2480 2972.97
1632 2480 2912.96
11 1632 2717.52
1085 2531 3248.89
1099 2531 3159.71
1570 2531 3410.94
1099 1570 3125.40
1613 2204 2498.37
621 2204 2481.40
865 2204 3199.81
621 865 2587.46
171 1032 3102.98
171 2205 2858.05
171 624 2855.75
621 1608 3069.24
475 1608 2959.57
865 1608 2635.65
1025 1608 3340.99
624 1608 2910.75
624 1025 3149.03
171 1608 2693.62
171 865 2263.85
2549 2703 3043.00
2149 2523 2806.17
1941 2523 3343.89
1941 2149 3248.84
1283 2523 3121.20
1283 1941 3187.72
1283 2154 2917.49
436 2521 3113.69
352 436 2778.75
352 2521 2815.15
1381 1871 3273.96
1330 1871 3221.90
251 1945 2975.68
251 1873 3068.25
251 565 3031.36
251 2488 3091.64
1945 2488 3052.63
251 2653 2912.37
2488 2653 2873.13
1787 2324 2601.86
1301 1787 3312.27
1787 2467 3510.91
526 1787 3188.02
1784 1785 3220.51
911 1785 2858.52
305 1785 3005.95
1320 1785 3320.05
1785 1786 3471.01
1320 1321 3414.85
1321 2492 3461.82
1321 1785 3363.01
1321 1786 3324.81
1321 1401 3308.93
1321 1714 3248.38
10 2690 2997.78
2076 2446 3424.64
2328 2446 3390.30
1954 2446 3300.56
10 2446 3346.32
1238 1717 3305.95
793 1238 3460.99
1238 1343 3374.19
1128 2282 3327.30
2282 2619 3300.20
2282 2706 3310.39
637 828 2972.41
637 2193 2908.61
637 2253 3097.68
122 637 3219.25
122 2253 3174.21
122 1612 3154.12
1011 1612 2974.10
637 1612 3272.31
122 2303 3178.85
1442 2303 3241.12
752 1990 3106.43
366 752 3084.02
752 2235 3115.04
93 2398 3320.45
150 2398 3372.79
2235 2398 3046.42
297 2398 2989.06
1479 2398 3269.61
2534 2621 2842.92
1011 2621 3216.19
279 2534 2792.63
279 2621 2928.90
1612 2621 2807.32
827 2666 3057.95
2192 2666 2977.89
1610 2666 2923.58
486 2534 2777.97
279 486 2554.62
486 2608 2984.06
486 2192 3014.18
2192 2608 3224.91
486 2666 2860.07
1482 2573 3286.33
2082 2573 3395.62
1482 2082 3349.78
1479 2082 3342.26
1488 2082 2986.78
587 2082 3128.40
2082 2086 3127.19
694 1133 3069.13
48 694 2932.15
694 842 2986.14
880 2569 3228.50
92 1150 3200.17
92 1835 3131.22
92 804 3283.79
92 505 2965.74
92 2709 3346.33
880 926 3213.63
160 2123 2717.93
160 2122 2946.87
160 2563 2773.42
1173 2269 2834.05
1173 2479 2411.74
1172 1173 2763.00
786 1173 2354.34
1174 2124 2806.53
948 1174 3035.30
1174 2271 2998.76
1174 2655 2410.72
1804 2335 2923.88
365 1804 2946.23
312 1804 2822.01
274 1804 2751.42
1439 1804 2954.42
1804 1967 3152.39
1439 1967 3104.56
252 1804 3013.37
252 1967 2704.74
1934 1989 2787.80
938 1934 3198.39
1934 2232 3325.38
1934 2376 3261.49
1425 1970 2668.26
1969 1970 2580.82
1425 1969 2772.47
1425 2659 2280.80
1425 1495 2807.00
238 1425 2555.27
89 1425 2630.44
89 1969 2559.86
89 1967 3022.56
89 252 2763.11
89 2659 2404.70
268 1970 2445.26
268 748 2531.60
268 420 2845.07
268 1969 2508.89
89 268 2885.07
89 420 3134.59
239 1967 3141.17
239 1439 3327.78
239 1424 2528.53
239 1431 2964.54
239 420 3019.95
89 239 3224.27
239 1432 3275.94
1144 2627 2761.35
784 2627 2228.51
1159 2627 2207.05
1144 1159 2187.08
377 2627 2455.07
377 2476 2183.52
2476 2627 2586.13
1158 2103 2658.11
2103 2257 2415.22
1144 2103 2406.64
1159 2103 2251.11
1157 2640 2574.32
783 2640 2337.17
1156 2640 2372.41
158 2640 2665.11
1160 2627 2506.90
1159 1160 2370.35
14 1160 2748.42
14 2101 2795.42
2100 2101 2771.37
158 2101 2862.73
1160 2101 3048.30
158 1160 2501.42
1153 2106 2873.47
783 1153 2576.30
1153 2506 2398.67
783 2506 2722.10
247 1153 2514.69
679 2345 2943.54
2345 2453 3149.36
1735 2345 2678.02
1735 2510 2620.57
2244 2510 2891.46
1736 2607 2875.48
1363 2607 2656.52
1726 2607 2698.42
1726 1736 2671.37
347 1359 2878.17
1359 1851 2775.46
347 1851 3019.20
1358 1359 2229.83
742 1359 2505.30
1727 1734 3034.72
1733 1734 3102.22
1727 1733 3093.50
530 1734 2746.63
530 1727 2948.18
1467 1756 2985.02
1756 2248 2948.06
1467 2248 2805.28
1751 1756 2557.96
1756 2245 2655.15
1751 2245 2759.64
30 939 2923.87
30 599 2674.96
30 600 2349.48
30 1083 2382.19
30 422 2838.49
30 1082 2686.28
118 817 2526.09
118 2248 2818.09
817 2248 2681.05
118 1467 2995.00
685 1469 2820.39
685 2511 2848.04
1469 2511 2517.97
685 1759 2807.66
685 2250 2548.94
1469 1759 2768.67
681 1756 2743.51
681 2248 2678.50
681 1751 2684.49
168 2675 2978.65
338 2675 1974.08
388 2675 3069.91
168 388 3175.19
1685 2675 2935.12
1747 2675 2889.51
1755 2613 3214.14
1755 2246 2881.33
2137 2554 2612.80
2554 2660 2517.28
2281 2554 2958.62
2127 2554 2881.02
2136 2554 2803.84
1186 2069 2569.55
440 2069 2522.42
2021 2069 3168.86
2069 2429 3005.45
840 2067 2724.79
440 2067 2077.91
849 2430 3087.01
294 849 3203.52
800 2565 3049.88
1202 2565 2612.78
1201 1202 3164.08
1184 2565 3242.68
750 1996 2913.68
372 1996 2928.99
372 750 2744.99
750 2027 2758.02
372 2027 2457.18
750 877 2872.52
750 2387 2766.03
750 1477 2591.96
398 1996 3066.31
398 2000 3069.77
1996 2000 3086.51
398 762 2640.50
398 2387 3212.60
398 750 2961.32
253 2027 2486.98
253 372 2790.30
749 2022 3109.11
749 2023 3264.21
571 749 3060.93
397 749 2867.42
332 1603 2881.46
332 1018 3167.65
1018 1603 2660.64
1202 2538 3387.64
1201 2538 3292.73
2029 2538 3258.18
1481 2538 3112.18
1481 2029 3079.27
1476 2022 2768.58
1476 2540 2691.92
316 2029 2877.21
316 1481 3107.38
616 1638 3090.83
1017 1638 3170.20
616 1017 2901.00
1019 2197 3135.55
1019 1481 3375.61
1481 2197 3178.03
332 1019 3071.68
1018 1019 3006.84
1019 1603 2963.55
321 1534 3072.51
1499 1534 2121.97
1533 1534 2226.08
1532 1534 2413.14
1532 1533 2621.24
1082 1534 2292.74
1515 2401 2661.51
1071 1515 2404.37
109 2174 2744.78
1054 2174 2773.15
1659 2174 2926.59
1656 2174 2987.01
1656 1659 2976.03
1054 1659 2981.86
97 1659 2633.17
1644 1659 3310.25
97 1644 3336.63
97 596 2974.81
97 2367 2764.62
1644 2487 3230.53
1050 2487 2847.75
1546 2487 2928.97
2487 2612 3187.01
478 2487 2453.89
478 1546 3145.25
812 1514 2667.59
463 812 2385.43
463 1514 2455.53
812 1515 2468.95
812 1071 2534.75
812 1525 2373.88
1071 1525 2583.55
1514 1525 2623.93
1026 1609 2824.72
475 1609 2938.22
1609 1627 2193.05
1609 1619 2856.88
488 1599 2503.47
488 2483 2795.47
488 2485 2764.35
416 488 2815.01
1042 2206 2769.99
2206 2532 3135.89
1631 2206 3060.96
1641 2206 3031.77
1043 2206 3005.29
1028 2486 3348.18
1028 1029 2921.53
1029 1628 2971.89
1628 1633 3151.06
1628 1632 2698.20
11 1628 3123.81
11 1633 3078.34
56 1653 3082.55
56 2420 3150.08
417 1655 2968.43
417 1654 2830.15
1651 1655 2914.54
102 1651 2986.91
102 1655 3064.92
55 1651 2732.20
57 1651 3000.68
55 102 2641.74
1546 2208 2998.85
478 2208 2963.00
1645 2208 2583.56
1061 2208 2977.26
1545 2208 3042.96
1686 2460 2237.63
532 2460 2147.97
1687 2460 1785.73
532 1687 1825.26
206 1279 2447.39
1279 2622 2315.82
1279 1694 2480.21
1694 2622 2473.51
536 1246 2237.14
1246 1277 2265.30
536 1277 2382.35
20 79 2109.37
20 434 2275.29
1246 2315 2251.35
1277 2315 2362.24
206 1246 2243.57
206 2315 2632.85
650 908 2387.52
908 2622 2437.77
908 1781 3046.84
908 2443 3157.66
650 1781 3079.58
208 1698 2438.03
208 651 2562.24
651 1698 2493.96
208 2315 2389.78
206 208 2405.86
1698 2315 2491.71
1702 2318 2797.10
81 2318 2355.61
81 1702 2744.01
659 2318 2977.03
81 659 2524.90
653 2318 2309.94
2318 2319 2325.20
535 2321 2319.08
2321 2344 2146.23
1649 2321 2636.01
1293 2321 2641.58
964 1259 2226.58
534 1259 2654.26
964 1258 2148.29
1258 1259 2440.80
1259 1260 2337.63
1258 1260 2205.53
1259 1261 2561.26
1260 1261 2893.34
21 964 2349.25
21 1258 2076.41
21 1247 2738.15
21 1677 2756.02
1247 1677 2467.16
21 2606 2295.07
1260 2312 2514.50
1258 2312 2647.07
285 1080 3114.20
1080 1504 2596.83
285 1504 3001.63
285 2632 2666.91
285 2187 2961.21
937 1070 2563.19
1070 2634 2922.63
937 2634 2463.67
597 1070 2195.34
1070 1523 2694.44
1070 1522 2291.07
1522 1523 2763.47
1072 1525 2643.77
1072 1514 2779.04
1080 1081 2311.25
1081 1504 2288.08
1081 1513 2790.82
1299 1694 2101.59
1299 2622 2563.45
1299 2308 2177.30
908 1299 2687.24
1299 2443 2780.33
533 2460 1968.95
533 1686 2292.05
533 1687 2004.08
533 1244 1542.03
1244 1687 1900.98
46 2632 1825.01
46 323 2697.65
98 1559 2545.06
98 458 2826.92
675 2625 2637.40
675 1951 2477.06
1951 2625 2729.49
675 1730 2836.12
675 2502 2992.39
1646 1702 2786.32
1702 1707 2946.71
1646 1707 2578.34
2497 2673 2660.83
1705 2497 2427.64
652 2497 2619.03
652 1705 3000.57
1706 2497 2540.94
1646 2497 2920.30
652 1646 2772.62
1707 2497 2559.72
1706 1707 2372.26
44 2643 2745.64
44 78 2544.35
44 965 2605.44
44 2465 2742.48
44 1944 2280.08
1944 2465 3251.95
209 2625 2298.02
209 2465 3349.12
209 1944 3230.70
209 1630 2296.90
1630 1944 2675.27
209 1951 2419.99
1630 1951 2402.32
675 2320 2618.86
1951 2320 2620.01
858 2318 2871.64
659 858 2840.86
653 858 2485.88
1639 2502 2514.07
1639 1647 2514.06
1639 2498 2789.28
2498 2502 2663.41
653 1639 2546.38
858 1639 2370.01
858 1647 2341.22
117 2330 2803.53
1731 2330 2591.27
1437 2330 2802.24
1647 2330 2836.71
858 1773 2959.54
659 1773 2860.61
1647 1773 2271.31
2322 2614 2425.24
2322 2463 2486.44
301 2544 2906.19
301 2469 3089.78
757 2544 2777.54
301 757 2672.09
301 758 2795.66
758 2469 2938.02
1266 2544 2633.22
757 1266 3117.11
1266 2059 2459.75
1266 2057 3298.81
27 142 2788.54
142 2469 2907.97
142 758 2572.41
758 2468 2357.45
142 2468 2901.58
2064 2471 2990.06
2064 2065 3296.62
1255 2064 2519.88
2064 2161 2440.07
1255 2161 2846.89
765 2064 2714.07
765 2161 2844.58
141 1263 3004.04
141 262 3091.51
1227 2053 3236.50
1224 2053 3034.76
2049 2053 2533.14
1268 2061 2660.15
765 2061 2895.63
2061 2470 2639.91
764 2061 2446.22
27 2061 2643.65
1119 2135 2228.52
499 2135 3024.78
499 1119 2389.50
1121 2135 2576.47
2127 2135 2974.46
2127 2133 2969.47
1120 2133 3158.55
2133 2135 2280.47
1119 2133 2970.42
950 1118 2507.16
499 1118 2251.45
1118 1119 2397.84
2105 2115 3100.32
241 2115 3062.02
2115 2553 2800.41
2114 2115 2774.21
138 922 2494.09
76 922 2919.13
756 922 2427.55
724 1925 2693.57
436 1925 2970.50
352 1925 2874.62
1933 2376 2799.17
1330 1933 2946.08
724 1933 2827.04
134 437 2854.70
437 2363 2837.44
134 2363 2894.77
603 814 2343.34
603 1097 2393.80
940 1596 2825.79
815 940 2656.83
469 940 2874.65
469 815 3113.66
2236 2353 2846.63
815 2353 2694.10
469 2353 2749.61
1473 2686 3118.53
1568 2686 3216.32
2628 2686 2757.83
1107 2686 3016.55
1107 2628 2563.91
957 1104 2909.07
957 1492 2852.11
805 2611 3222.22
805 976 2331.16
805 2603 3179.62
805 1093 3230.88
277 595 3146.31
277 388 2891.74
277 1090 3066.75
388 1090 3069.74
461 1542 2480.99
461 595 2262.70
594 2217 2695.45
1064 2217 2517.29
1462 2217 2745.13
1064 1462 2454.41
1063 2217 2722.15
1063 1462 2658.27
1540 2218 2782.94
1539 2218 2936.76
2218 2342 2688.01
594 2218 2715.55
448 472 2591.13
104 448 2863.27
104 472 3115.76
64 472 3143.21
472 2533 2975.13
64 104 3091.55
324 2237 3142.78
324 1565 3350.92
324 1578 3464.28
324 981 3143.88
981 1578 3363.81
448 1554 2958.17
104 1554 3099.59
615 1554 2931.60
448 615 2278.11
744 1853 3373.81
1853 1869 3103.65
1361 1849 2351.36
1849 1869 2731.43
1849 1853 2760.87
1848 1849 2923.82
1848 1853 2789.92
1849 1850 2960.46
741 1834 2661.68
345 1834 2678.77
87 741 3052.20
87 2155 3079.04
741 2305 2834.17
87 2305 2683.11
1039 2368 3297.38
1039 2393 3243.98
1715 2329 3282.53
221 2176 2975.06
981 2176 2587.44
222 2356 2791.11
222 1589 3087.74
222 816 2476.01
816 1588 2929.06
985 1588 2950.40
984 1588 3192.18
1578 1588 3351.75
2228 2520 2528.11
2228 2591 3136.07
169 603 2974.28
169 2227 2509.04
603 2227 2724.75
169 1585 2525.95
169 1584 2717.51
169 2423 2765.23
169 814 2815.95
169 1594 2245.18
1594 2227 2766.68
195 303 2988.19
303 2396 3040.37
303 1557 3134.40
303 889 2916.86
303 1302 3105.31
1302 2525 3259.59
303 2525 3196.64
303 554 3310.70
554 2525 3063.36
554 2169 3225.29
303 2169 3407.23
303 304 3477.88
304 2169 3326.10
622 1027 2697.74
42 622 3061.46
622 2531 2578.42
42 2531 2571.19
622 892 2413.75
622 1631 2624.33
959 1575 2646.65
42 959 2583.24
959 2531 2997.83
959 1570 3254.54
328 959 2834.57
1033 1613 2455.79
1033 2204 2754.41
865 1033 2904.23
1942 2150 3057.26
1941 2150 3082.29
2149 2150 2721.26
1856 2149 2959.15
1856 2523 2925.32
1274 1887 2816.13
1274 2524 2588.31
1887 2524 2566.73
1283 1888 3288.57
1888 2154 3130.62
1887 1888 2797.34
1283 1887 3280.15
1888 2524 2842.77
1908 1909 3135.23
1908 2154 2751.58
380 930 3066.77
380 2535 2817.50
930 2535 2935.58
1924 1925 2750.60
1222 1925 3004.51
1222 1924 2759.58
390 2521 2808.63
1872 2521 2552.82
390 1872 2808.92
390 1871 2611.34
1871 1872 2794.14
390 436 2940.10
390 1330 3326.75
170 1385 2930.97
170 1381 3233.73
2444 2492 3411.27
2444 2500 3310.35
1321 2444 3311.55
1401 2444 3319.58
2282 2571 3351.20
2571 2706 3285.68
2571 2619 3306.17
826 2621 2835.22
279 826 2568.61
826 1612 3140.50
637 826 3233.96
826 828 2848.50
279 828 2882.18
485 486 2988.62
485 2534 2797.89
485 2666 2407.88
485 1610 2949.16
828 2669 2466.96
1624 2669 2833.76
2669 2671 2717.38
828 2671 2405.71
486 636 2866.93
636 2608 3004.27
636 2671 2793.10
2608 2671 2812.71
279 636 2867.34
636 828 2872.76
93 2254 3242.45
2254 2398 3346.59
1479 2254 3389.94
951 1488 2845.86
951 2086 2910.38
951 2082 3266.70
92 2568 3380.32
1835 2568 3162.51
926 2568 3278.80
926 1814 3320.05
842 926 2786.95
842 1814 2461.53
880 1814 3267.87
1148 1814 3364.56
505 1146 2731.48
1146 2568 2502.19
160 787 2672.85
787 2122 2712.65
1172 2111 1968.13
16 2111 2578.18
1173 2111 2662.78
786 2111 2405.36
1174 2662 2621.34
2124 2662 2564.64
2655 2662 2400.03
2113 2662 3068.99
2269 2662 3158.40
2507 2662 2972.59
2269 2507 2684.75
2124 2507 2938.46
1934 2221 3027.37
938 2221 2683.78
931 1333 2740.88
829 931 2665.12
829 1333 3316.82
1333 1948 3060.18
829 1948 2973.53
1333 2490 2824.41
153 455 3023.70
455 2363 2930.57
153 2363 3147.22
1337 1827 2781.06
740 1337 2874.06
740 1827 2681.91
204 2506 2559.98
204 783 2589.74
204 2640 2203.91
158 204 2318.84
204 1160 2894.00
377 503 2580.45
503 2476 2392.13
503 1182 2872.84
503 2477 2731.04
1746 1747 3414.10
1455 1746 3049.41
1461 1746 2993.24
1455 1461 3099.19
234 1746 3017.28
1748 2510 2791.61
1735 1748 3001.98
1725 1726 2995.54
1726 1733 2715.21
1725 1733 3005.80
1725 1734 2497.58
531 1734 2540.80
531 1725 2210.27
1725 2607 2066.52
1736 2251 2414.33
1733 1736 2894.05
1733 2251 2664.89
1726 2251 2851.44
1358 1852 2655.76
1363 1852 2709.71
1359 1852 2868.57
1725 2378 2035.19
531 2378 2586.65
2378 2607 2441.87
1473 1724 2898.42
1721 1724 3233.90
1472 1724 3131.32
1472 1721 2890.18
1211 1724 2869.25
1211 1472 2897.49
2 1727 2564.20
2 1733 2877.17
2 395 2801.92
395 1733 2549.97
1209 1759 2990.51
1209 1762 3352.27
1209 1736 3321.58
1209 1733 3253.98
1211 2456 2816.30
1472 2456 2521.68
1734 2456 2704.36
1472 1734 2803.13
531 2456 2519.79
1761 2697 2525.55
1761 2511 2894.39
2511 2697 2375.64
315 2697 2884.15
315 1761 2698.77
685 2249 3013.48
2249 2511 2449.81
685 1468 2596.53
1468 2249 3030.64
2 818 2545.40
818 1727 2074.82
2 2352 2776.42
818 2352 2596.27
315 2352 2469.14
315 818 2836.71
116 1761 2757.30
116 315 2483.05
116 2352 2683.76
1454 1752 2860.84
1454 1751 2409.45
1751 1752 2541.95
1454 1755 2893.33
1454 2613 2777.22
1464 1755 2542.86
1454 1464 2750.44
1453 1749 3118.71
1453 2244 2781.97
1453 2510 2547.87
1453 2245 3059.32
1453 1751 2746.65
1453 1752 2842.36
118 1758 2637.59
1467 1758 2865.42
118 1468 2502.05
1468 1758 2583.56
1758 2250 2649.52
685 1758 2919.67
118 2455 2704.90
1468 2455 2669.51
2249 2455 2655.23
91 2455 2479.73
817 2455 2460.65
91 817 3226.66
974 2675 2644.29
338 974 1332.15
1755 2247 2666.52
2246 2247 2974.74
2247 2639 2726.73
1755 2639 2341.11
1747 2247 2576.44
2247 2675 3291.01
761 2069 2985.03
440 761 2390.45
761 2067 2586.29
761 2429 2656.23
146 2067 3097.84
146 840 2677.12
146 2066 2788.18
146 2429 3075.49
146 761 2924.27
2126 2430 2935.09
1184 2126 2938.35
849 2126 2615.69
849 1183 2536.65
294 1183 3152.05
2272 2565 3276.03
1184 2272 3001.36
496 2272 2461.34
496 2565 3142.34
2126 2272 3041.71
2066 2415 3155.46
496 2415 3207.33
496 2066 3007.45
2415 2565 3376.02
800 2415 3181.01
2021 2415 3276.92
1180 2415 3220.71
750 2028 2659.90
1477 2028 2756.13
877 2028 2360.61
2028 2537 2634.00
296 398 2498.75
296 2000 2612.39
296 2020 3355.82
296 841 3008.40
296 762 3152.00
39 2027 2423.23
39 421 2509.45
39 253 2999.20
39 571 2843.26
39 275 2934.45
253 275 2848.92
1020 2198 3091.62
1020 1021 3087.86
332 1602 2864.94
1602 1603 3212.70
1020 1602 3383.02
1020 1644 3483.28
1602 1644 3477.06
1020 1603 2975.16
1038 1602 3279.00
1602 2540 3082.85
1475 1476 2986.53
751 1475 3199.96
751 1476 2883.38
369 1996 2883.98
369 2000 2969.54
269 316 2946.43
269 1481 3373.61
269 1019 3254.99
269 332 2829.09
316 1465 2922.17
1465 2029 3207.59
369 1465 3118.59
570 1465 3158.29
369 570 2558.24
1465 2000 3247.04
415 1019 3170.02
415 2197 3244.59
1995 2589 3184.73
2421 2435 2612.74
1529 2435 3100.48
1529 2421 2837.05
1528 2435 3059.09
1528 1529 3014.59
1058 1528 3008.15
1058 1529 3159.60
1036 1528 3021.31
1528 2367 3296.81
1048 1528 3120.96
1048 2367 3117.43
1060 1535 2315.71
1060 1082 2778.02
1082 1535 2209.18
30 1060 2510.05
599 1060 2612.73
1060 1063 3141.19
1535 2436 2624.29
1082 2436 2181.04
613 810 2740.51
613 1537 2448.49
810 1537 3075.55
1537 2216 2651.87
2216 2519 2588.71
613 2216 2938.89
1065 2216 2889.72
1530 2216 2992.93
813 843 1751.37
463 813 2163.29
463 843 2420.35
812 843 2181.21
843 1515 2044.69
1048 1073 2596.46
1073 2367 2478.68
1073 2401 2324.85
843 1073 2789.97
813 1073 2574.74
1659 2201 2275.61
1656 2201 2142.59
2201 2487 3214.45
2201 2612 3235.03
55 2201 2514.54
1054 2224 2615.32
1522 2224 2642.98
1659 2224 2692.52
97 2224 2668.37
1044 1638 3132.81
1044 2197 3373.53
1638 2197 3344.88
1044 1605 3267.22
1605 2197 3091.61
616 1044 3240.13
1044 2196 3083.24
869 2196 3092.94
869 1044 2659.21
616 2196 2716.98
1643 2484 2994.47
1022 1643 3111.52
1022 2484 2246.88
869 2484 2915.80
869 1643 2805.34
1617 1618 2953.13
1609 1617 2810.80
1609 1618 3035.84
416 1618 2428.27
475 1618 2670.76
1609 2200 2774.31
1619 2200 2788.99
1617 2200 2956.55
953 2200 2997.00
953 1617 3104.05
280 1605 2733.50
334 1605 2527.25
280 334 2635.35
1571 1599 2680.75
1571 2198 2638.13
488 1571 2755.63
281 953 3045.56
281 1617 2907.81
1029 1635 3066.21
1635 1640 2855.08
1028 1635 2868.13
627 2209 2920.92
57 2209 2626.05
479 2209 2332.04
57 479 2753.39
100 2209 2744.53
56 191 2837.81
191 2420 2704.83
43 191 2714.50
43 56 2902.43
1069 1654 3198.32
1069 2634 3010.61
417 1069 3094.08
937 1069 2767.75
1657 2174 2856.18
1656 1657 2933.02
1047 1655 3177.53
102 1047 2890.20
417 1047 2657.99
1047 1657 2621.82
417 1657 2404.25
480 1655 2415.78
480 2210 2468.37
225 480 2924.69
225 2210 2384.84
480 1651 2668.75
56 2418 2831.33
1653 2418 2951.68
479 954 2680.39
57 954 3208.00
191 954 2594.13
43 954 2653.53
191 479 2891.45
2208 2359 2813.97
1645 2359 2434.67
1546 2359 3157.49
625 2359 2950.31
79 641 2127.80
641 1688 2131.50
79 1688 2224.88
165 641 2333.96
452 641 2333.97
165 452 2411.65
452 645 2336.82
645 2311 2475.19
452 2311 2641.61
645 1677 2494.30
645 1247 2492.99
165 645 2487.82
299 1687 2301.66
299 532 2367.24
299 2311 2597.45
299 452 2264.97
1246 1692 2358.49
206 1692 2311.75
1279 1692 2008.11
1674 1692 1947.81
1246 1674 2521.03
1692 1694 2399.55
1692 2340 1870.76
1689 1691 2122.20
1691 2340 1831.69
536 1276 2711.16
1276 1277 2274.10
2313 2694 2016.21
434 2694 2708.36
434 2313 2430.42
536 2313 2568.69
434 536 2274.31
1276 2313 2240.83
536 643 1798.66
434 643 2275.25
20 643 2038.86
9 20 2185.31
9 643 2351.49
643 1674 1894.81
9 1674 1982.71
643 1246 2286.61
20 905 2120.65
79 905 2516.44
905 1688 1986.74
905 963 1774.60
9 963 1849.67
9 905 1806.77
1706 2317 2493.76
1707 2317 2579.64
1701 1702 2452.21
81 1701 2537.22
2317 2442 2421.98
1706 2442 2644.04
207 2317 2535.80
207 2442 2279.45
1698 2442 2475.02
651 2442 2434.02
650 1703 3173.90
206 1703 3058.66
208 1703 2437.67
651 1703 2322.68
82 1703 2688.47
1703 1781 3195.38
21 906 2128.86
906 1258 2599.47
906 1247 2026.29
906 2312 2165.32
645 906 2526.11
165 906 2718.14
867 2312 2013.75
2312 2694 2323.00
867 2694 2348.19
867 1260 2343.77
867 2313 2728.79
867 1276 2355.63
1648 2321 2725.56
1293 1648 2967.17
1648 1771 2862.18
1294 1648 2575.54
1294 1771 3078.12
1281 2442 2240.23
1281 1698 2270.76
207 1281 2552.95
887 1070 2524.38
887 1523 2142.71
597 887 2539.96
887 1072 2524.44
597 1072 2770.74
887 1525 2833.03
1523 1525 2263.23
1074 1081 2423.68
1074 1513 2524.21
597 1074 2818.29
1072 1074 2612.74
1514 2620 2740.32
463 2620 2622.10
2349 2620 2637.75
463 2349 2432.90
1072 2620 2469.19
1244 1690 1907.17
1688 1690 2023.66
1244 1688 2335.99
905 1690 2504.70
963 1690 2036.62
212 1244 1760.96
212 533 1963.39
212 1689 2019.96
212 1686 2450.48
286 1068 3066.75
323 1068 2931.75
46 1068 3065.32
285 1068 2842.59
1068 2632 2533.34
863 1068 2843.61
285 863 2910.47
665 2502 2957.18
665 2498 2987.34
665 675 2819.19
665 2320 2558.38
665 1272 2518.27
652 1265 3137.60
652 1630 2363.07
1265 1630 2778.98
1265 1646 2906.11
1265 1702 2290.56
44 1271 2329.46
1271 1944 3154.50
1271 1630 2400.85
965 1271 2347.03
1271 1705 2930.08
652 1271 3100.47
1273 1775 2471.90
1273 1437 2800.67
1273 2330 2306.04
1273 1647 2833.77
1273 1773 2484.07
1773 1775 2456.76
1773 2499 2394.10
659 2499 2709.54
2322 2499 2694.66
659 2322 2831.37
1775 2499 2155.08
1774 2499 2665.42
2463 2499 2457.13
1772 2322 2386.95
1772 2614 2680.48
1294 1772 2986.62
1771 1772 2787.74
143 758 2608.12
143 2468 2442.49
143 301 2833.77
143 757 2408.78
143 262 2119.71
946 1263 2997.66
757 946 2694.44
946 1266 2987.75
946 2057 3337.75
1227 1264 3230.85
1264 2057 3138.67
946 1264 3322.67
1263 1264 3155.11
1255 2678 2371.44
262 2678 2459.99
141 2678 3006.87
2064 2678 2620.47
2471 2678 3137.09
141 2471 2778.72
141 254 3167.86
254 2471 3104.68
254 945 3004.50
254 1263 2797.58
254 1264 2731.44
2052 2053 2779.04
1227 2052 3278.50
1264 2052 3030.85
246 2052 2664.32
246 1264 2697.95
2049 2543 1993.18
2050 2543 2737.59
2053 2543 2595.68
2052 2543 2745.74
142 2056 2689.85
2056 2468 2888.26
1255 2056 2482.13
2056 2161 2063.63
142 2545 2895.28
27 2545 2791.04
2061 2545 2423.70
2056 2545 2729.73
765 2545 2864.83
2161 2545 2464.53
2121 2132 2905.71
1120 2132 3184.21
2132 2133 3016.35
1115 2654 3053.85
242 2654 3149.19
2119 2654 2385.61
242 2119 1830.71
2120 2654 2837.34
2119 2120 2958.42
423 2654 3066.89
2117 2654 3103.85
2130 2636 2790.38
2337 2636 3061.31
242 2636 2207.98
2119 2636 2674.00
2120 2405 2207.12
2119 2405 2206.66
1118 2405 3042.25
1118 2120 2359.10
2405 2636 2344.03
2130 2405 2489.58
950 2405 2416.62
1925 2173 3022.24
1222 2173 2912.04
724 2173 2590.60
1933 2173 2811.09
1222 1933 2978.94
1302 1306 2771.77
1306 2525 2819.76
556 919 2758.85
556 720 2756.97
720 919 2791.08
556 1915 2888.85
556 823 2825.24
823 1915 2880.95
864 940 2841.80
864 1596 2670.54
59 1473 3070.20
59 1553 3076.62
59 2686 2971.13
61 2686 2977.75
61 1107 2942.09
59 61 2819.83
1104 1549 2802.43
1549 1587 2926.36
957 1549 2744.66
2348 2530 3004.42
2348 2438 3087.55
1540 2348 2959.30
277 1067 2509.10
595 1067 2610.97
811 2217 2293.93
811 1063 2759.16
811 1066 2916.01
811 1542 2757.61
615 1555 2682.56
448 1555 2960.67
1567 2628 2771.53
1567 2533 2877.05
472 1567 2982.72
1107 1567 2722.13
61 1567 3066.07
61 958 2536.43
958 1567 2643.18
63 219 2868.58
105 219 2620.54
63 105 2455.85
64 219 2807.68
219 2395 2695.01
63 2395 2740.48
1570 2394 2961.08
1099 2394 3241.86
1105 2394 3286.13
981 2394 2928.06
324 2394 2915.81
105 217 2465.85
217 2355 2631.85
105 2355 2793.90
217 1554 2981.69
104 217 3003.98
217 219 2632.46
471 1554 2766.25
471 615 2670.06
471 1105 3223.90
471 1492 2876.74
2223 2490 3006.14
744 2223 3355.01
1853 2223 3305.85
1853 2377 2403.33
1848 2377 2791.04
86 346 2434.77
86 2305 2928.06
346 2305 2268.15
86 87 2475.69
1847 2377 2997.40
1847 1848 2800.72
347 927 3006.34
347 2155 3278.77
927 2155 3046.96
87 927 3091.84
237 1831 3101.83
1338 1831 2605.28
237 1338 2715.87
1306 1831 3020.58
1306 1338 3135.79
155 920 2892.46
155 740 2529.21
740 920 2517.73
155 2169 3114.52
155 304 2977.32
822 1894 3021.54
1894 2374 3083.68
822 2374 2841.71
1891 2171 2911.69
2170 2171 2972.58
1891 2170 3168.29
555 2171 3017.83
555 2170 3104.09
2362 2594 2951.76
2170 2594 2830.62
2170 2362 2936.27
1891 2594 2906.54
1893 2362 2577.79
1893 2594 2479.81
716 2594 2928.99
716 1891 1984.87
1284 1893 2701.97
1284 2594 2926.35
716 1284 2785.49
1040 2368 2931.16
1040 2192 3153.37
1039 1040 3095.63
1040 2608 3072.04
1040 2671 3045.75
1037 2196 3219.13
869 1037 3121.44
2196 2416 3315.51
1037 2416 3240.95
1037 1643 3091.48
1037 2393 3390.27
1643 2393 3312.73
1037 1039 3405.49
1039 2416 3307.26
1014 1039 3203.44
1014 2416 3006.34
1014 2275 2949.89
2275 2416 2986.72
982 1588 3188.19
816 982 2869.18
981 982 2806.75
982 1578 3382.08
222 983 2553.00
816 983 2638.14
178 986 2815.70
985 986 2985.93
986 1588 3254.40
984 986 2741.36
602 2226 2204.73
2226 2423 2898.09
2226 2520 2690.94
2226 2228 2321.90
1594 2647 2511.92
604 2647 2513.11
604 1594 2792.03
169 2647 2570.59
2423 2647 2391.58
2226 2647 2896.52
2228 2647 2866.14
622 623 3253.99
623 2531 2936.96
623 1085 2875.10
623 892 2975.63
11 623 3068.81
623 1633 3056.12
1034 1634 2544.08
1034 1035 3281.35
1034 2205 3252.02
1034 2202 2595.57
1034 1582 2971.45
1034 2438 2537.76
1034 2616 2423.73
171 282 2908.96
282 865 2275.00
282 1034 2990.70
282 2205 3229.10
701 1943 3133.66
701 1942 2610.91
701 2676 2861.30
701 977 2094.91
2150 2652 2826.42
2149 2652 2741.40
1856 2652 2817.40
1274 1886 2423.42
1886 2524 2808.42
1886 1888 2830.83
821 1283 3309.71
821 2523 2742.37
821 1887 2789.38
821 1856 2426.20
821 1274 2725.10
717 1285 2894.56
717 1893 3009.77
1285 1893 2980.23
929 1285 2723.25
717 929 2768.63
929 1908 2898.97
929 2154 3242.08
1305 1308 2964.42
1233 1305 2920.64
1233 1308 2985.80
1305 2171 2900.96
1305 1913 2796.84
1913 2171 2678.00
930 1914 2887.08
380 1914 2487.06
1308 1914 2743.88
380 1308 3015.51
1914 1915 2847.00
823 1914 2732.00
930 1915 2512.36
419 1918 2788.30
419 1931 2757.45
1918 1931 2567.68
419 723 2725.42
723 1931 2877.67
1916 1918 2825.24
1916 1917 2703.93
1917 1918 2744.06
134 1916 2794.00
1916 2363 2829.42
1917 2363 2902.14
722 930 2803.03
722 2535 3048.97
419 722 2616.61
419 2535 2589.94
722 1918 2727.38
722 1917 3038.73
722 1915 2551.43
1924 1930 2440.13
1930 2146 2936.79
1924 2146 2537.28
723 1930 2711.42
723 2146 2563.27
1222 1930 2923.30
380 1929 2982.22
1929 2535 2542.87
1929 2145 2802.43
380 2145 2951.62
723 1929 2686.38
1929 2146 3182.13
1234 2152 2767.55
1906 2152 2748.28
1234 1906 2895.33
1885 2670 2683.72
1254 1885 2714.96
1254 2670 2909.37
715 1274 2673.23
1274 1660 2673.16
715 1660 2606.77
176 546 2866.50
176 2407 3046.39
546 2407 2664.62
1923 1929 2762.60
1923 2146 2797.26
1923 2145 2893.94
74 176 2767.23
74 2407 3067.81
1926 2521 2744.96
352 1926 2900.50
547 1926 2886.38
547 2521 3034.73
1927 2521 3050.91
1872 1927 2316.64
547 1927 2402.80
251 349 2995.58
349 565 2946.65
349 1877 2768.37
251 1877 2799.19
349 1385 2719.46
1385 1877 2558.86
157 349 2928.64
251 921 2749.04
921 2653 2251.79
921 1877 3120.83
173 876 2676.99
187 876 2813.14
173 187 2774.43
156 876 2623.61
156 187 2511.93
1241 1938 2895.22
700 1938 2469.07
700 1241 2571.35
977 1241 2649.73
1241 1945 3265.46
1241 2488 2744.60
563 1871 2903.39
563 1872 2926.02
156 2515 2703.38
156 1406 2989.94
1406 2515 2785.52
566 2515 2945.58
156 566 2655.94
754 1219 2768.90
366 1219 3107.45
6 752 2786.13
6 366 3033.75
6 2389 2303.56
752 2389 3164.98
6 1219 2760.16
92 188 3097.86
188 505 2743.68
188 2568 2859.43
188 1146 2711.98
378 2124 2859.32
378 2270 3282.49
378 2507 2302.68
378 2122 2640.51
378 787 2570.87
69 787 2870.59
69 160 2380.40
69 2123 2386.14
69 2269 2666.44
744 1947 2997.09
938 1947 2762.38
1947 2221 3199.44
1947 1948 2976.18
437 1937 2689.72
134 1937 2953.50
1333 2222 2844.93
931 2222 2688.60
558 2222 2681.89
558 931 2356.86
2222 2223 3242.31
37 2223 2726.14
37 2222 2864.12
2222 2490 3140.60
738 931 2554.67
558 738 2788.37
123 738 2661.59
123 931 3020.36
738 1336 2749.01
123 1336 2569.13
1826 1827 2638.63
1337 1826 2918.82
738 1826 2836.81
558 1826 2888.37
559 1827 2686.86
559 740 2848.36
155 559 2685.38
155 237 2957.79
237 559 2569.13
438 1826 2989.69
438 1827 3085.50
438 738 2711.71
438 1336 2674.04
204 2102 2555.01
1160 2102 2677.79
2102 2627 2692.47
2102 2476 2432.90
2102 2506 2889.50
1153 2104 2620.62
247 2104 2727.51
2104 2506 2515.57
2102 2104 2531.02
503 2104 2428.91
2104 2476 2687.74
1460 2345 2884.65
1460 1735 3053.38
1460 1748 2731.72
1460 1746 2478.41
1460 1461 2484.54
1461 1748 2099.55
680 1748 2614.17
680 1461 2569.97
680 1455 2809.32
680 682 2761.54
1748 2454 2819.17
2454 2510 2900.34
1453 2454 2852.58
1752 2454 2721.20
680 2454 2519.79
127 1852 2809.41
743 1852 2624.28
127 743 2979.55
127 1359 3036.75
127 1851 2834.11
1360 2378 2674.70
743 1360 2571.68
743 2378 2765.48
1360 2456 2511.29
1211 1360 2253.71
531 1360 2630.87
2240 2378 2603.42
2240 2607 2567.97
1363 2240 2398.87
1852 2240 2355.36
743 2240 2559.82
232 1724 3211.17
232 1473 2250.56
232 347 3042.19
232 1851 3000.58
232 2155 3347.71
1724 2229 2372.04
1211 2229 2584.67
1360 2229 2634.85
743 2229 2416.72
127 2229 2558.27
1851 2229 2803.58
395 1470 2772.99
395 1757 2913.29
1470 1757 2459.86
2 1470 2645.47
116 1470 2378.47
116 1757 2518.85
1470 2352 2670.82
1469 1471 2663.92
1471 1759 2593.67
1209 1471 2624.99
1469 1757 2898.12
1471 1757 2901.22
2512 2697 2671.61
91 2697 2807.49
91 2512 2887.02
315 2512 2796.08
338 2512 1957.51
818 2512 2898.99
1721 2512 3028.70
119 2249 2161.50
119 2511 2768.03
119 2697 2422.23
91 119 2425.68
119 2455 2794.75
1463 1754 2859.53
817 1754 2019.80
817 1463 1966.96
1463 1755 2306.58
1463 2639 2365.57
1754 2639 2640.46
339 530 2963.47
339 1727 2224.38
339 818 2214.51
116 1760 2763.62
1760 1761 2704.09
1760 2511 2349.28
1469 1760 2874.97
1757 1760 2893.88
529 681 2458.74
529 1751 2686.85
529 1454 2425.45
529 1464 2538.10
1464 2248 2479.30
529 2248 2650.94
1753 1754 2901.04
1753 2639 2744.40
974 1753 2909.20
791 2066 3043.52
496 791 2942.28
146 791 2517.65
146 295 2570.48
295 840 3042.40
295 1183 2602.07
146 1183 2892.04
295 2070 3064.33
294 295 3146.80
1598 2198 2903.58
617 1598 2813.17
617 2198 2732.76
1020 1598 2974.95
415 1598 2579.20
415 617 3025.32
385 2203 2955.13
1644 2203 3224.96
1020 2203 3209.16
1031 2203 2911.51
1021 2203 3306.00
1025 2203 3130.73
624 2203 2975.88
73 2589 3067.41
73 1201 2738.40
399 2538 3375.56
399 1201 2970.73
399 1206 3102.07
1206 2538 3259.02
399 2689 2700.63
1206 2689 3007.87
1206 1481 3140.97
316 2013 3164.89
316 751 2819.04
751 2013 2804.48
1475 2013 2812.25
1465 2013 3048.96
570 2013 3042.85
370 570 2626.75
275 370 2813.10
275 570 2656.02
370 2013 2991.37
370 1475 2849.14
371 1475 3124.91
371 1476 3008.15
371 749 2881.14
371 2022 2797.07
371 397 2893.57
370 371 2526.92
275 371 2484.75
883 1996 2676.49
372 883 2811.25
369 883 2643.26
253 883 2998.42
275 883 2918.51
570 883 2758.94
316 2388 2766.27
751 2388 3056.34
269 2388 2984.53
618 1605 2603.49
618 2197 3299.89
415 618 2986.43
280 618 2848.75
1019 2482 2696.34
1603 2482 2808.51
415 2482 3042.12
1020 2482 3002.10
276 1215 3164.06
1215 1991 2462.09
135 1215 1781.68
135 1205 2897.81
276 1205 3102.32
7 1205 2480.61
439 1205 3239.84
7 439 2574.61
590 1053 2843.65
590 1046 2261.37
1046 1053 3013.11
590 1056 2485.23
1046 1056 2578.91
321 610 2164.68
458 610 2411.36
610 1056 2579.80
321 1056 2640.23
611 1056 2538.11
611 1046 2251.42
610 611 2465.47
322 809 3109.54
809 1046 2953.14
322 1046 2797.87
322 611 2202.74
1053 1526 2581.26
1046 1526 2968.83
809 1526 2632.54
949 1526 2733.49
949 1053 2606.04
459 1534 2478.42
459 1082 2122.29
459 2436 2586.71
459 1533 2555.54
446 2421 2519.29
446 949 2411.28
949 2421 2625.70
2214 2216 2946.88
1530 2214 3182.62
613 2214 2482.66
1529 2214 3012.88
1058 2214 3002.06
2214 2421 3191.92
431 1515 2518.91
431 2401 2323.42
431 1073 2371.16
431 843 2363.66
462 1525 2418.34
462 1071 2469.89
462 2224 2917.71
97 462 2795.62
462 596 2905.37
1044 1606 2866.02
1605 1606 2947.01
1044 2623 2790.71
869 2623 2853.11
2484 2623 2573.06
953 2688 3180.30
2200 2688 3059.12
1619 2688 2896.60
1643 2688 3040.08
1022 2688 3166.37
953 1022 3045.37
2486 2688 2525.75
1028 2688 2718.22
2393 2688 3050.37
1571 1604 3023.44
1604 2199 2924.16
1571 2199 2766.69
618 1604 3047.72
280 1604 2800.72
1604 2198 2879.22
617 1604 2823.83
415 1604 3080.05
281 1615 2637.57
281 334 2465.59
334 1615 2742.10
953 1615 3010.86
1604 1614 2630.04
1614 2199 2776.01
280 1614 2556.44
1024 1571 2429.62
1024 2199 2333.31
281 1024 2915.52
1024 1617 2561.41
893 2209 2824.67
479 893 2841.76
191 893 2646.18
100 893 2655.86
893 2420 2638.53
628 1069 2987.52
417 628 3067.87
628 1657 2593.22
1657 2618 2392.97
1656 2618 2973.93
1047 2618 2533.87
2201 2618 2129.76
225 1052 2497.75
1052 2210 2130.23
1052 2418 2451.86
225 2418 2547.54
1052 1653 2993.73
480 1051 2467.96
1051 1651 2533.60
57 1051 2436.55
954 1051 2270.97
225 1051 2627.54
641 866 2545.76
452 866 2438.20
299 866 2371.72
866 1688 2018.29
866 1687 2348.03
866 1244 1999.24
963 1245 1654.22
9 1245 2374.97
1245 1690 1724.60
1245 1691 1416.59
1245 1689 2028.80
1689 1690 1983.71
644 1674 2248.62
9 644 1859.59
644 1245 1809.91
644 1691 1701.35
644 2340 1870.30
644 1692 1811.25
1282 2317 2720.43
207 1282 2658.31
1282 1701 2685.63
1282 1702 2741.71
1282 1707 2580.42
1704 2316 2331.65
1706 2316 2692.62
2316 2442 2452.31
651 2316 2414.16
906 1257 2470.32
165 1257 2413.95
1257 2312 2511.62
1257 2694 2369.74
434 1257 2586.58
80 867 2335.54
80 1260 2117.90
80 1276 2736.52
445 1276 2756.12
80 445 2422.63
907 1261 2584.96
535 907 2876.73
80 907 2713.03
445 907 2677.79
907 1260 2428.01
1516 2620 2498.07
1516 2349 2751.11
1518 2349 2737.33
1516 1518 2985.68
1074 1516 2624.33
1081 1516 2473.39
598 1049 2335.20
598 1079 2864.99
1049 1079 2616.86
283 456 2922.85
456 1081 2740.99
283 1081 2662.77
283 1516 2565.24
283 1518 2356.84
58 283 2586.64
58 456 2706.53
1081 1498 2524.49
1498 1504 2500.77
456 1498 2198.41
1511 1512 2468.40
598 1511 2576.03
598 1512 2644.31
642 1690 1758.37
642 1689 1702.63
642 1244 2341.67
212 642 1626.72
1068 2434 2803.47
286 2434 2492.40
863 2434 2536.33
1265 1783 2174.57
1630 1783 2942.04
665 1783 2924.39
1272 1783 2757.17
1783 1951 2491.47
1783 2320 2598.10
1272 1629 2378.07
1629 2319 2607.60
1629 2318 2568.60
1629 1783 2283.33
1265 1629 2514.33
1629 1702 2191.76
1295 2322 2629.89
659 1295 2637.71
1295 1772 2490.73
81 1295 2979.58
1294 1295 2559.60
246 2051 2374.52
246 945 2707.23
945 2051 2948.31
254 2051 2996.33
1264 2051 2743.77
246 2702 2269.07
945 2702 2206.68
2052 2702 2808.70
2543 2702 2819.61
2050 2702 2633.98
264 2654 2950.60
264 2120 2956.67
264 2121 3098.42
243 264 2396.13
264 2132 2594.28
264 423 2902.81
1118 2131 2908.34
2120 2131 2277.13
264 2131 2162.76
2131 2132 2756.31
1119 2131 2016.86
2131 2133 2583.59
1117 2636 2492.16
1117 2119 2811.77
1117 2405 2414.60
824 1930 2785.44
824 1222 3017.34
919 1911 2641.92
720 1911 2903.20
1306 1911 2582.86
919 1306 2564.86
556 1307 3053.32
823 1307 2660.80
455 721 2576.89
721 1915 2838.72
455 1915 2858.19
556 721 2689.14
153 721 3038.65
468 1596 2719.43
468 2424 2657.02
468 864 2914.74
333 468 2913.72
888 940 2660.54
605 888 3058.52
605 940 2597.01
864 888 2691.91
888 1594 2542.03
605 1594 2629.02
888 2227 2429.95
1103 2353 2569.71
469 1103 2859.03
606 1595 2565.82
604 1595 2618.72
604 606 2510.91
1594 1595 2637.29
605 1595 2512.67
59 435 2762.00
290 435 2695.40
59 290 2593.14
435 470 2820.70
290 470 2711.12
435 1553 3053.30
470 1553 3011.41
1549 1550 2513.33
957 1550 3181.44
957 1551 3088.75
1550 1551 3164.56
1087 1088 2862.73
805 1087 3049.22
805 1088 2534.97
1087 1519 3022.63
1087 2603 3260.12
976 1089 2777.55
288 1089 2941.15
1089 1090 2987.84
388 1089 3147.93
168 1089 2813.45
466 805 2594.89
466 976 2643.33
466 1088 2301.65
466 1089 2686.60
1544 2633 2699.35
2530 2633 2581.62
1544 2530 2653.58
2348 2633 2576.65
1543 1544 2542.10
1543 2633 2346.55
2219 2633 2751.55
1540 2219 2643.62
1540 2633 2547.45
461 2220 2640.74
595 2220 2424.72
1067 2220 2795.82
461 1543 2655.87
1543 2220 2549.07
167 277 2145.40
167 1090 2164.97
167 1067 2535.41
167 1089 2194.51
167 1521 2480.18
1088 1521 2815.23
167 1088 2844.12
1067 1521 2573.12
167 466 2788.78
811 1541 2509.02
1541 2217 2766.88
594 1541 2716.49
1541 2219 2454.00
1542 2219 2473.13
1541 1542 2240.87
1541 2218 2545.95
1540 1541 2711.61
103 472 2893.35
103 448 2620.05
103 1555 3178.09
103 958 2573.51
958 1555 2698.79
103 1567 2862.45
60 1555 3046.49
60 958 3009.18
60 61 2758.99
59 60 2682.90
60 290 2600.77
60 216 2873.89
216 290 2781.11
471 1552 2917.81
1492 1552 2608.04
615 1552 2915.07
957 1552 2558.94
1551 1552 2506.37
65 326 2639.73
326 2395 2585.46
63 326 2754.70
217 2354 2246.28
2354 2355 2769.86
1554 2354 2836.84
2354 2394 3311.16
1105 2354 3154.17
2355 2394 3128.30
471 2354 3075.90
217 1563 2914.97
104 1563 2529.38
219 1563 2715.10
64 1563 2520.08
561 920 2955.24
345 561 2498.96
345 920 2976.08
561 1834 2434.65
1357 1838 2933.49
1357 2377 2652.49
1838 2377 2810.98
1357 2223 2671.03
37 1357 2941.91
1337 1357 3348.64
37 1337 2748.65
1337 1838 3168.35
1357 1853 2851.60
86 830 2447.65
346 830 2764.77
125 830 2692.72
830 1850 2651.88
1849 2536 2809.40
1848 2536 2910.74
1847 2536 2872.92
1850 2536 2863.15
830 2536 2708.72
346 2536 2527.94
346 1847 2807.79
1847 2658 2810.59
1834 2658 2764.47
1834 1847 2703.84
346 2658 2723.51
741 2658 2400.74
2305 2658 2111.08
881 1359 2895.01
742 881 2426.44
125 881 2348.03
347 881 2505.32
881 927 2651.85
86 562 2980.21
87 562 2645.35
562 927 2706.41
562 881 2781.16
125 562 2652.60
562 830 2578.11
904 1831 2866.93
237 904 2378.61
155 904 3049.57
904 2169 2857.13
155 1833 3003.40
304 1833 3209.59
920 1833 2819.08
345 1833 3128.44
1306 2595 2775.66
1302 2595 2894.05
919 2595 2847.26
556 2595 2857.75
555 1181 2741.34
1181 2170 2773.88
555 1302 3091.64
1181 1302 2688.69
1269 2489 2936.94
1269 2362 2692.94
2362 2489 2834.95
822 1269 2842.00
1269 1894 2876.20
66 1287 3046.07
1287 1566 3229.38
1287 1909 3292.24
195 1270 2851.28
1270 1566 2850.64
303 1270 3345.69
1270 1287 2762.39
418 822 2802.04
418 2374 2879.70
1909 2374 3278.26
418 1909 3007.91
418 1908 3380.50
1041 2669 2920.56
1041 2671 2883.47
1040 1041 3184.40
1041 1624 2480.66
616 1636 2770.65
1017 1636 2546.46
1636 1637 2952.30
1017 1637 3038.88
1626 2196 3068.50
1626 2416 2879.14
1040 2194 3013.37
1039 2194 3438.76
1014 2194 2856.60
1041 2194 2964.44
335 2194 2558.49
1624 2194 2915.35
1622 2648 2353.37
2275 2648 2943.44
1622 2275 2795.98
1622 2193 3105.24
1013 1622 3121.09
335 1622 2651.97
335 2648 2639.79
1014 1623 2662.81
1623 2275 2642.64
1623 2648 2257.26
335 1623 2761.88
1623 2194 2824.00
196 983 2803.63
196 2409 2433.75
983 2409 3177.28
196 2176 2731.15
196 221 2491.16
196 328 2570.53
983 2184 2717.21
816 2184 3101.35
982 2184 2554.31
196 2184 3022.53
2176 2184 2770.29
981 2184 2668.24
983 1574 2801.60
1574 2409 2582.94
980 1574 2945.02
1574 2356 2801.72
222 1574 2845.04
224 986 2572.96
224 984 2734.53
178 224 2448.34
224 2358 2727.66
1102 2647 2863.64
604 1102 2704.57
1102 2228 2447.50
289 1103 2262.50
289 1548 2429.99
1103 1548 2436.05
606 1103 2386.43
289 606 2681.44
1886 2153 2795.23
1888 2153 3026.80
1885 2153 2844.59
1254 2153 2584.55
2153 2154 3202.11
929 2153 2845.71
272 821 2694.33
272 1856 2267.09
272 1274 2925.37
1660 1856 2730.35
272 1660 2349.89
929 1889 2809.51
717 1889 2888.85
1889 2670 2669.13
1885 1889 2657.28
1889 2153 2789.35
553 1285 2847.83
918 1285 2736.60
553 918 2782.51
553 929 2783.03
553 1908 2970.96
918 1908 3083.03
1305 2375 2509.04
1913 2375 2653.18
1308 2375 2641.60
1307 2375 2868.21
823 2375 2887.17
1307 1913 2674.05
1914 2375 2762.55
1918 2677 2742.41
1931 2677 2701.03
1916 2677 2739.04
722 1309 2768.56
1309 1917 2695.30
1309 2363 3210.45
455 1309 2527.60
1309 1915 2764.83
419 1310 2654.89
723 1310 2831.52
1310 1929 2785.98
1310 2535 2618.78
703 2670 2520.64
1884 2670 3042.49
703 1884 2466.57
703 2152 2827.19
703 1906 2480.89
52 1886 2768.42
52 1274 2499.14
52 715 2291.78
52 2153 2641.38
52 1254 2647.36
1919 2145 3083.26
380 1919 3132.47
1308 1919 2808.44
1233 1919 2549.15
695 1919 2966.04
695 1233 2362.13
695 1920 2621.94
546 695 2588.33
546 1920 2511.71
1919 1920 2580.59
1920 2145 2902.38
1921 1923 2943.24
1921 2145 2844.48
1921 1922 2771.75
1922 1923 2862.99
697 1924 2888.55
697 1925 2831.34
697 2146 2525.44
697 1923 2781.41
351 1907 3028.98
688 1907 2523.79
351 688 2255.49
351 1906 2509.16
688 1906 2518.54
351 1235 3199.53
1235 1906 2829.94
1235 1262 2772.51
548 1235 3136.56
548 1262 2824.64
351 1262 3020.50
74 1236 2742.32
176 1236 2895.08
1236 1907 3008.43
74 1907 2522.59
1220 1925 2747.12
352 1220 2928.33
697 1220 2791.16
1220 1923 2697.16
1220 1922 2882.42
1874 1927 2921.64
547 1874 2956.85
1926 1928 2975.45
547 1928 2791.02
1874 1928 2791.12
391 1928 2761.71
391 1874 2665.09
170 1406 2252.05
1406 1876 2893.44
1385 1876 2853.36
193 549 2720.15
193 300 3011.14
300 549 2752.45
173 549 2886.13
173 193 2992.09
156 832 2913.60
187 832 2465.62
566 832 2404.28
832 1874 3132.68
391 832 3158.06
1241 2687 2774.18
1241 2514 2700.53
2514 2687 2923.31
1938 2687 2502.75
876 2687 2658.70
173 2687 2973.14
831 1871 2979.67
831 1381 2865.44
563 831 2945.50
170 1870 3077.41
1406 1870 2158.29
1870 2515 2118.71
566 1870 2280.10
831 1870 2375.01
563 1870 2871.02
384 2254 3132.98
384 586 2929.48
384 1479 3417.43
586 1479 3196.60
94 2574 2761.23
586 2574 3103.46
1479 2574 3085.49
69 884 2558.34
884 2269 2322.01
787 884 2695.57
378 884 2792.10
884 2507 2678.49
1334 1937 2796.45
437 1334 2915.55
1948 2656 3022.03
829 2656 3007.52
1947 2656 2972.28
1825 2222 2809.25
37 1825 2581.98
558 1825 2853.17
1337 1825 3253.18
1825 1826 2881.78
153 1335 2734.58
1335 2363 2679.11
123 1335 2729.41
123 153 3073.69
437 1335 2983.89
1334 1335 3037.81
152 931 2835.74
152 829 2733.72
123 152 2892.44
152 1335 2751.13
152 1334 2790.98
1824 2370 2709.29
154 1824 2679.08
154 2370 2736.03
438 1824 2800.45
154 438 2602.00
1336 1824 2602.64
123 1824 2672.75
153 1824 2736.52
153 2370 2878.91
154 2304 2681.96
1338 2304 2743.99
154 1338 2452.12
438 2304 2437.91
846 2104 2509.85
247 846 2465.80
846 1152 2776.69
846 2477 2762.86
503 846 2573.34
528 1460 2344.31
528 2345 2340.22
528 1746 2813.19
528 679 2797.53
528 1729 3316.94
234 528 3177.32
433 680 2654.46
433 682 2215.30
433 2454 2186.50
433 2613 3191.01
433 1454 3044.38
433 1752 2474.07
232 2513 3312.59
1851 2513 2852.77
1724 2513 3005.22
2229 2513 2391.17
395 935 2696.60
935 1757 2654.58
935 1471 3045.67
935 1209 2957.75
935 1733 2590.92
2448 2512 3104.15
91 2448 2742.37
1754 2448 1979.03
817 2448 2819.05
394 2512 2933.97
394 1721 3150.59
394 818 3045.69
339 394 2942.32
394 530 2638.24
394 1472 3145.34
394 1734 2619.11
684 1463 1818.61
684 817 2734.24
684 2248 2216.37
684 1464 2744.12
684 1755 2417.49
683 2247 2871.06
683 2675 2068.08
683 974 2679.26
683 1753 2386.58
683 2639 2280.23
1183 1185 2443.00
146 1185 2521.40
791 1185 2722.75
496 1185 2647.57
1185 2272 2911.89
1185 2126 2692.37
73 1204 3203.92
1204 2589 2965.54
7 1204 2845.61
439 1204 2891.00
1994 2541 2286.52
24 1994 2546.01
24 2541 2704.66
276 2541 3043.75
276 1994 3055.17
1214 1994 3437.51
24 1214 3414.85
276 1214 3362.59
1206 1214 3454.53
1214 2253 3254.59
1214 1993 3498.41
24 1993 2922.93
1206 1993 3092.24
399 1212 2785.40
1212 2689 2851.75
573 1212 2516.45
573 2689 2758.42
1602 2012 2446.45
2012 2540 2388.14
2012 2388 2781.89
751 2012 2933.54
1476 2012 3036.98
1592 1598 2655.98
415 1592 3032.99
1592 2482 2870.11
1020 1592 2944.01
1056 2347 2351.39
321 2347 2521.99
590 2347 2559.80
590 1532 2261.99
1532 2347 2626.24
1534 2347 2884.12
611 1045 2345.80
181 611 2281.01
181 1045 1888.96
322 1045 2258.35
1527 2225 2617.35
1527 2435 2985.91
2225 2435 2498.81
2225 2421 2907.67
1526 2225 2461.16
809 2225 2543.27
949 2225 2371.56
1060 1538 2628.64
1063 1538 2588.18
1462 1538 2837.70
810 1062 2236.13
1062 1537 2658.68
593 1062 2507.65
593 1537 2560.22
1062 1536 2343.07
810 1536 3055.81
1062 1538 2537.41
593 1538 2349.81
1524 1525 2576.28
1523 1524 2500.10
462 1524 2742.50
1524 2224 2832.52
1522 1524 2736.90
41 1605 2890.10
41 334 2592.06
41 1606 2795.64
41 1615 2344.17
619 2623 3079.42
619 2484 2609.68
619 1022 2202.97
619 1606 2925.78
619 1044 2681.09
620 1614 2407.78
620 2199 1935.10
620 1024 2713.00
281 620 2817.95
281 1023 2789.72
334 1023 2733.41
280 1023 2260.44
1023 1614 2553.11
620 1023 2567.48
1571 1616 2246.80
488 1616 2220.10
1024 1616 2317.83
1616 1617 2794.96
416 1616 2703.75
1616 1618 2641.89
31 628 2618.87
31 1069 2340.30
31 937 2558.54
31 1658 2744.87
481 1657 2783.03
481 2174 2782.35
481 628 2459.40
109 481 2567.43
481 1658 2596.53
31 481 2331.29
1047 2539 2508.13
102 2539 2376.40
2539 2618 2843.86
55 2539 2769.85
2201 2539 2157.97
101 954 2536.51
43 101 2699.71
101 1051 2755.00
56 101 2920.52
537 1276 1993.81
445 537 2423.48
537 1277 2509.79
629 2315 2433.00
629 1698 2302.56
629 1281 2549.77
1282 1700 2243.37
1700 1701 2566.09
207 1700 2587.11
649 1700 2854.17
649 1701 2356.71
649 868 2695.93
868 1700 2496.04
81 649 2471.96
649 1295 2423.77
907 2495 2271.11
445 2495 2438.77
535 2495 2581.94
96 1516 2675.29
96 1074 2613.85
96 2620 2696.41
96 1072 2659.24
1049 1057 2681.32
1057 1079 2627.61
1048 1057 2993.85
1048 1079 3082.48
1057 1527 2606.46
1057 2435 2653.07
1057 1528 3298.51
886 1030 2977.31
194 886 2744.24
194 1030 2984.88
1030 1057 3146.27
1030 1527 2492.97
1030 1049 2762.83
612 1045 2702.18
181 612 2843.96
322 612 2686.72
612 809 2644.02
1073 2403 2436.70
813 2403 2731.75
1511 2403 2744.98
813 1511 2434.87
1048 2403 2951.03
1079 2403 2501.28
598 2403 2568.41
285 808 3232.43
808 1504 2830.26
808 1498 2646.72
808 863 2642.62
457 808 3111.16
457 863 2495.51
58 2212 2263.48
194 2212 2671.85
58 194 2372.85
1512 2212 2183.21
58 1512 2588.28
598 2212 2587.99
464 1512 2789.82
58 464 2577.85
283 464 2457.02
464 1518 2634.69
464 2349 2844.43
1512 2349 2723.83
1512 2332 2718.64
1511 2332 2307.26
813 2332 2438.12
463 2332 2531.65
2332 2349 2678.67
608 2434 2375.22
286 608 2935.28
608 1559 2613.51
98 608 2878.17
1933 1935 2885.86
1222 1935 3201.81
824 1935 3037.02
1930 1932 2803.95
723 1932 2871.75
824 1932 2817.34
824 1329 3087.58
1329 1932 2724.05
2221 2596 3257.00
1934 2596 2886.10
1936 2596 2997.28
1936 2221 3224.79
725 2656 2901.73
725 1947 3213.69
1937 2656 3193.16
725 1937 2792.88
725 2221 3163.71
725 1936 3166.85
1311 1936 3086.85
1311 1329 3115.59
1329 1936 3077.15
154 1829 2751.56
1338 1829 2704.18
1306 1829 3053.42
1829 1911 2816.89
556 1912 2821.79
720 1912 2521.53
721 1912 2750.07
153 1912 2816.66
1912 2370 3016.22
720 2370 2959.08
108 468 3114.83
108 864 2337.83
108 888 2994.41
108 2227 2290.36
333 1100 3145.95
1097 1100 2835.78
468 1100 3065.41
603 1100 2396.34
108 1100 3041.03
1100 2227 2631.52
1103 1597 3073.93
469 1597 2825.85
606 1597 2604.34
1595 1597 2771.89
605 1597 3069.35
940 1597 2886.07
392 1103 3136.01
392 1548 2515.29
392 2353 2914.26
2633 2646 2649.18
1543 2646 2634.77
2219 2646 2361.47
461 2646 2230.08
1542 2646 2762.36
1520 1521 2567.79
1088 1520 2573.13
1087 1520 2679.98
1519 1520 2273.91
1520 2530 2708.84
1520 1544 2858.69
47 1521 2310.85
47 1067 2658.16
47 2220 2663.00
47 1543 2420.93
47 1544 2460.15
47 1520 2907.22
1555 1556 2875.96
615 1556 2855.09
1552 1556 2727.89
1551 1556 3129.34
216 1556 3086.02
216 1551 3033.92
60 1556 3019.31
65 325 2415.95
325 889 2666.50
325 326 2463.68
325 1207 2775.82
326 2665 2622.00
63 2665 2579.03
561 1832 3031.82
920 1832 3020.81
1832 1838 3133.25
561 1838 3104.57
1337 1832 3084.80
308 1838 2968.60
308 2377 2795.85
308 561 2647.55
308 1834 2498.71
308 1847 2838.40
904 1339 2993.83
1339 1831 2721.63
1306 1339 2918.45
1339 2525 2882.59
555 1304 3007.86
1302 1304 3108.63
1304 2595 2660.53
1304 2171 2974.38
1304 1913 2897.10
1270 1303 2881.52
303 1303 3170.07
1270 2489 2653.94
1303 2489 2955.66
1302 1303 2799.30
1303 2362 2818.00
1303 2170 2937.84
454 1269 2734.33
454 1894 2603.16
454 2489 2584.87
454 1270 2490.47
718 1285 2835.69
718 1893 2912.48
718 2362 2582.30
718 1269 2947.54
718 918 3075.98
718 1286 2847.47
918 1286 2789.00
1269 1286 2973.14
822 1286 2766.79
1868 2171 3079.12
1868 1891 3061.95
1232 1868 2882.85
1232 2171 3110.50
716 1868 2602.36
544 695 2273.31
544 1233 2688.04
687 1305 3154.83
687 2171 2853.28
687 1232 2722.18
687 1233 2928.79
544 687 2765.44
487 1636 3287.08
487 1637 2736.75
487 1626 3108.24
487 2196 2916.09
1015 1622 3082.67
1015 1637 3043.04
607 1102 2484.81
1102 2431 2793.23
607 2431 2631.68
289 607 1923.87
606 607 2654.29
604 607 2909.54
1548 2431 2314.93
607 1548 2278.54
1102 1586 3083.44
1586 2431 2745.24
1586 1587 2493.41
1586 2591 2588.40
1587 2431 3204.00
1586 2228 2807.87
1250 1946 2575.87
977 1946 3024.29
977 1250 2947.80
1241 1250 2816.90
700 1250 2925.60
701 2522 2583.44
1942 2522 2937.81
1889 1892 3054.53
1892 2670 3067.72
716 1892 2852.99
1284 1892 2729.03
703 1253 2872.05
1253 2152 2649.32
1253 2670 2439.04
1253 1892 2492.47
1892 2152 2521.33
552 715 2784.02
715 1884 2741.61
552 1884 2576.91
52 552 2472.67
552 1254 2670.75
552 2670 2823.14
696 1921 2822.50
696 1922 2860.59
546 696 2801.50
696 2407 2954.18
916 1920 2780.07
546 916 2835.34
696 916 2562.78
916 1921 2250.37
916 2145 2518.26
133 549 2820.26
132 133 2783.83
132 549 2664.90
133 300 2884.97
74 131 2792.16
131 300 2559.09
74 300 2994.44
131 133 2842.57
131 1262 2623.87
133 1262 2518.42
131 1907 2663.80
131 351 2470.49
1262 2147 2538.26
548 2147 2392.87
133 2147 2507.58
132 2147 2637.69
235 1907 2349.49
235 688 2717.30
235 1236 2379.15
563 2233 2576.28
1872 2233 2588.44
1927 2233 2498.36
1874 2233 2424.33
1870 2233 2768.37
566 2233 2861.51
936 1220 2864.70
936 1922 2754.27
936 1926 2997.20
352 936 2872.36
921 1387 2628.91
1387 1877 2934.18
1387 1876 2901.45
921 1876 2770.83
1385 1387 2591.18
193 975 2883.07
193 391 2801.33
391 975 3065.48
193 699 3033.07
391 699 3094.11
699 832 2763.15
187 699 2704.67
173 699 2569.19
564 1388 2296.59
1388 2653 2511.82
564 2653 2743.69
1388 2488 2808.28
1241 1388 2295.18
1388 2514 2471.81
746 876 2951.09
156 746 2657.64
564 746 2420.59
156 564 2831.16
746 2687 2573.16
746 2514 2651.80
746 1388 2697.61
921 1386 2349.02
1386 2653 2496.78
564 1386 2483.89
156 273 3008.50
273 1406 3141.21
273 564 2344.25
273 1386 2579.42
273 1876 2755.23
273 921 2815.45
2631 2687 2425.00
173 2631 2665.01
1938 2631 2859.19
170 745 2866.39
745 1381 2949.39
745 1870 2083.03
745 831 2840.30
1205 1218 2980.96
752 1218 2885.39
2252 2672 2409.03
2252 2389 2616.84
2389 2672 2713.92
2252 2542 2753.11
1219 2542 2783.46
1219 2252 2857.34
25 2252 2649.03
25 2542 2591.17
6 2252 2823.85
1217 1218 2991.66
1205 1217 2850.46
1334 1949 2798.93
1937 1949 3215.76
1949 2656 2909.38
152 1949 2726.09
829 1949 2928.73
438 1830 2651.15
1827 1830 2645.61
1830 2304 2770.13
559 1830 2676.16
237 1830 2645.04
1338 1830 2892.74
182 1183 2581.59
182 849 2191.16
182 1185 2461.74
182 2126 2403.15
400 573 2681.29
270 400 2738.09
270 573 2589.48
400 1212 2321.01
40 2541 2743.05
24 40 2443.26
1993 2439 2783.75
1206 2439 3101.18
573 2439 2493.71
573 1993 2145.64
2439 2689 2581.84
1203 1212 2398.26
399 1203 2899.68
73 1203 3082.53
1201 1203 3049.20
2016 2388 2931.04
269 2016 2892.52
2012 2016 2859.85
1602 2016 2456.96
332 2016 2698.63
1531 2214 2654.11
613 1531 2559.90
810 1531 2718.87
1531 1536 2785.61
1531 2215 3030.00
446 2215 2561.93
446 1531 2820.91
1536 2215 3087.82
1531 2421 2912.88
99 459 2729.11
99 2436 2480.78
99 1535 2546.04
460 1538 2541.56
460 1462 2436.29
460 593 2346.27
460 1064 2711.48
460 2437 2780.14
460 1537 2465.22
592 1062 2645.18
592 1538 2464.92
592 1060 2169.53
592 1535 2513.02
489 619 2791.39
489 1606 2307.03
41 489 2693.25
489 1615 2955.50
489 1022 2732.66
489 953 2716.03
1051 1652 2959.96
225 1652 2394.59
101 1652 2591.10
1652 2418 2385.37
56 1652 2757.76
537 2441 2330.78
1277 2441 2368.63
2314 2441 2403.18
537 2314 2132.64
629 2441 2316.28
629 2314 2201.16
2315 2441 2429.78
629 1280 2423.30
1280 1281 2235.77
648 1280 2361.85
648 1281 2553.97
1699 1700 2434.01
868 1699 2715.87
207 1699 2484.29
1281 1699 2487.31
648 1699 2385.35
649 1697 2778.82
868 1697 2691.46
1295 1697 2436.43
1294 1697 2546.68
284 1030 2570.92
284 1527 2547.66
284 886 2564.31
284 612 2752.26
181 284 2789.49
457 2597 2735.16
457 886 3039.49
886 2597 3031.27
284 2597 2818.01
181 2597 2936.90
611 2597 2322.20
610 2597 2296.92
457 2213 3011.10
886 2213 2991.49
808 2213 2899.71
1498 2213 2365.26
58 2213 2837.72
194 2213 2792.01
456 2213 2132.58
885 2212 2722.89
598 885 2465.24
885 1049 2728.65
885 1030 2471.03
194 885 2775.85
723 2172 2875.93
1931 2172 2738.58
1932 2172 2645.38
1329 2172 2762.09
1311 2172 2821.01
2172 2677 2567.09
1311 2677 2785.55
1331 2596 2290.45
1331 1934 3038.24
1935 2596 2495.87
1331 1935 2790.50
1331 1933 2762.59
1331 2376 2975.19
1332 1936 3034.07
1329 1332 2918.60
1332 2596 2586.40
824 1332 3084.09
1332 1935 3047.07
557 1311 3122.30
557 1936 3079.76
557 725 3066.00
557 1937 3079.28
134 557 2742.44
557 1916 2972.40
557 2677 2701.28
739 2370 2780.53
154 739 2651.60
739 1829 2861.95
720 739 2752.02
739 1911 2882.24
392 1484 2572.00
1484 1548 2635.07
1484 1550 2658.82
392 1550 3086.41
1484 2431 2513.12
1484 1587 3165.00
1484 1549 2785.73
392 1106 3036.46
1106 1550 3197.27
218 325 2730.05
218 1207 2601.09
218 220 2805.71
218 2237 2898.48
2592 2665 2639.30
326 2592 2703.33
560 1337 2873.95
560 740 2560.58
560 1832 2241.92
560 920 2418.90
306 904 2900.51
306 2169 3148.57
306 1339 2698.49
306 554 2900.57
306 2525 3227.26
1304 1910 2423.84
1910 2595 2758.47
1307 1910 2872.34
556 1910 2758.32
1910 1913 2793.50
1181 2526 2389.83
1302 2526 2503.45
1303 2526 2319.03
2170 2526 2909.16
719 1270 2590.81
719 1287 2998.11
454 719 2500.38
719 1894 2926.10
719 2374 2974.23
719 1909 3395.25
418 1895 2728.43
822 1895 2734.26
1286 1895 2453.94
918 1895 2822.86
1895 1908 3327.61
1905 1906 2655.99
688 1905 2864.31
1234 1905 2676.71
695 1237 3120.76
546 1237 2593.41
544 1237 2600.46
176 1237 2660.35
687 1903 2822.00
1232 1903 2651.17
544 1903 2813.75
487 1016 3070.19
1016 2196 2368.27
1016 1636 2585.42
616 1016 2964.98
638 1015 3341.23
638 1637 2713.63
2195 2275 3142.44
2195 2416 2806.97
1626 2195 3076.98
1243 1250 3015.98
700 1243 2957.24
1243 1946 2651.40
1249 1946 2748.75
977 1249 1694.22
701 1249 2703.69
1249 2522 2568.18
353 2652 2886.84
353 2150 2662.00
353 1942 3018.48
353 2522 2628.98
353 1248 2618.34
1248 2652 2773.34
1248 2522 2764.07
1248 1249 2862.73
1248 1946 2427.50
1889 1890 2924.65
717 1890 2796.44
1890 1892 3135.46
1284 1890 2509.24
1890 1893 3127.71
396 1892 2788.32
396 2152 2749.99
396 1868 3004.27
396 716 2578.67
396 1234 2623.93
396 1905 2639.17
1235 1952 2962.17
1906 1952 2797.07
703 1952 2348.66
548 1952 3093.54
1252 1950 2420.21
548 1950 2192.42
548 1252 2765.49
1252 1952 2915.41
551 1952 3034.04
551 1252 2652.41
702 1252 2524.05
702 1950 2534.25
550 1252 2334.29
550 702 2352.57
551 715 2797.73
715 1252 2799.08
1252 1660 2439.75
550 1660 2497.03
128 715 2874.08
128 1884 2791.08
128 551 2758.22
128 703 2267.27
128 1952 2794.25
832 1875 2659.92
1874 1875 2797.77
1875 2233 2600.96
566 1875 2345.82
77 696 2803.41
77 2407 2517.75
77 1922 3035.95
77 936 2989.00
698 1928 2832.48
391 698 2660.29
698 975 2938.07
698 1926 2793.71
698 936 2974.80
1216 2389 2637.37
752 1216 3074.58
1216 2672 2845.35
137 2542 2927.51
2542 2589 2902.58
137 2589 2862.20
137 1219 2886.63
137 754 2907.21
137 1995 3060.50
25 1982 2910.71
7 25 3134.14
7 1982 3129.37
1982 2542 2482.28
1982 2589 2640.09
1204 1982 3097.53
753 2252 2232.10
753 2672 2264.61
25 753 2781.39
753 1217 2931.33
1217 2672 2650.03
25 1217 2928.49
25 2336 2809.22
7 2336 2047.72
1217 2336 2922.57
1205 2336 2944.83
40 1213 2509.78
24 1213 2645.71
572 1213 2327.61
40 572 2357.17
40 401 2578.43
401 2541 2476.72
401 572 2676.17
439 572 2528.51
401 439 2464.90
401 1205 3131.13
276 401 2673.13
400 2588 2612.98
1212 2588 2660.53
1203 2588 3037.15
73 2588 2677.80
1204 2588 3023.26
439 2588 2866.96
270 2588 2643.45
572 2588 2997.50
1213 2588 2643.32
270 1213 2790.84
99 591 2277.76
591 2215 3103.71
99 2215 2446.73
446 591 2801.51
459 591 2228.68
591 1053 2991.35
591 949 2414.14
287 2215 2445.43
287 1536 2621.01
99 287 2833.16
287 1535 2455.94
287 592 2512.46
287 1062 2604.76
629 1278 2144.30
1278 2314 2252.57
1278 1280 2109.89
1699 2496 2340.37
868 2496 2424.78
648 2496 2437.82
1280 2496 2495.60
1278 2496 2541.80
443 2496 2430.35
443 1278 2875.86
284 2346 2363.17
1527 2346 2442.84
612 2346 2309.62
2225 2346 2670.35
809 2346 2189.02
609 2597 3050.30
457 609 2806.16
609 2434 2569.50
609 863 2575.12
608 609 2992.64
392 2635 2491.40
2353 2635 2836.19
1106 2635 2849.06
2236 2635 2980.74
614 1550 2855.43
614 1551 2876.71
614 1106 2883.14
216 614 2862.48
290 614 2481.79
470 614 2670.66
393 470 2798.92
393 1553 2892.02
393 2236 2799.46
393 614 2633.97
393 1106 2718.39
393 2635 2762.61
324 473 3037.61
473 2237 2893.55
218 473 3000.29
62 2592 2777.60
62 2665 2176.35
62 63 2364.80
62 105 2559.63
62 2355 2578.09
487 891 2513.53
891 1637 3045.91
638 891 2050.57
891 1626 2820.65
1938 2148 2779.99
700 2148 3205.91
1243 2148 2816.31
1251 1950 2000.79
702 1251 2126.91
550 875 2405.45
702 875 2535.48
875 1251 2610.51
875 2652 2699.24
875 1856 2647.60
875 1660 2664.16
174 1243 2227.09
174 1946 2583.75
174 1248 2666.40
174 2652 2623.22
174 875 2784.21
875 1243 2578.99
77 917 2641.67
917 2407 3225.75
74 917 2800.09
300 917 2862.91
193 917 2850.56
917 975 3094.45
698 820 2804.56
820 975 3023.96
820 917 2980.12
77 820 2874.53
820 936 2817.34
136 1218 2825.38
136 752 2865.32
136 1216 2463.49
136 1217 2927.14
136 2672 2893.87
23 1213 2975.58
23 270 2667.04
23 573 2488.71
23 1993 1713.06
23 24 2628.40
459 1059 2554.94
1059 1533 2398.52
591 1059 2570.60
1053 1059 2347.16
1059 1532 2766.99
590 1059 2576.95
1278 1682 2507.41
443 1682 2379.45
647 1682 2160.19
443 647 2423.40
646 647 2381.31
646 1682 2656.57
1696 2496 2656.19
443 1696 2685.10
647 1696 2556.39
1696 1697 2545.13
868 1696 2395.46
1648 1696 2893.77
1294 1696 2550.11
1648 2601 2572.98
2321 2601 2798.63
647 2601 2602.52
646 2601 2446.54
1696 2601 2494.61
535 2601 2351.20
2495 2601 2206.48
646 2495 1933.64
151 2597 2587.19
151 610 2463.61
151 609 2141.83
98 151 2295.60
151 458 2155.68
151 608 2225.23
382 473 2992.19
382 2592 2648.72
473 2592 2709.40
325 382 2551.73
326 382 2541.25
218 382 2819.04
62 1562 2732.38
1562 2355 2869.60
1562 2592 2660.53
473 1562 2721.31
1562 2394 2967.27
324 1562 3051.94
545 1904 2630.14
545 1905 2849.99
1904 1905 2570.93
235 1904 1918.46
688 1904 2596.02
1236 1904 2392.24
184 545 2645.30
184 1903 2897.19
545 1903 2358.84
184 1236 2835.70
176 184 2849.08
184 1904 2649.05
184 1237 2885.13
184 544 2571.90
175 396 3008.90
175 1905 2707.10
175 545 2556.96
175 1868 2759.40
175 1232 2635.23
175 1903 2249.51
638 1625 2872.42
1015 1625 2882.08
891 1625 3042.92
1625 1626 2858.43
1625 2195 2365.38
1625 2275 2748.23
1622 1625 2995.63
1940 2631 2906.78
1938 1940 3055.65
1940 2148 2517.02
173 1940 2831.11
549 1940 2775.64
132 1940 2645.77
1939 2148 2564.46
1243 1939 2926.11
1939 1940 2293.45
132 1939 2874.60
875 1939 2657.01
1251 1939 2836.77
1251 2408 2283.13
1950 2408 1736.03
548 2408 2715.24
2147 2408 2524.64
132 2408 2390.73
1939 2408 3124.25
113 646 2602.38
113 2495 2618.52
113 1682 2604.99
113 445 2193.18
113 537 2786.91
113 2314 2504.60
113 1278 2215.47
